52326
26780
29426
55902
26181
51969
25475
54388
47380
51993
53670
26511
25415
24509
24509
24511
24509
24508
24524
24509
24510
24509
24502
24514
24510
24513
55274
52109
24505
55340
24531
24553
24511
24532
50032
24556
24526
24519
24519
24548
24568
24530
24508
24509
24521
24507
24522
24547
47936
24528
24508
24509
24511
24529
24510
24512
24560
24508
24509
24541
55369
24501
24507
42261
24525
24526
24512
24522
24505
24561
24517
24512
24510
24513
45129
33791
24514
24507
24502
24504
24517
24542
24518
24509
24501
24504
51941
55438
24524
24501
24515
24529
24519
55236
53510
24530
24510
50943
52863
24547
24544
24512
24513
24525
24524
24532
24548
54203
53931
24503
24505
24505
24545
26447
24646
53375
27138
25945
25832
24547
24631
29927
27701
24555
