4906
6320
5078
10358
8561
5500
5137
5287
5959
5105
6503
5787
13063
11778
11751
11779
11770
11797
11817
11837
11803
11822
11767
11781
11825
11755
11761
11756
11807
11782
11805
11762
11765
11837
11843
11813
11841
11811
11828
11796
11864
11800
11812
11900
11800
11842
11791
11846
11788
11817
11836
11846
11854
11821
11846
11758
11762
11757
11763
11781
11806
11757
11762
11800
11785
11753
11786
12650
11764
11776
11786
11763
11765
11759
11803
11829
11768
11762
11766
11761
11820
11828
11759
11778
11762
11851
11790
11807
11764
11779
11820
11764
11771
11774
11761
11755
11765
11761
11775
11809
11786
11787
11790
11759
11779
11770
11747
11799
11760
11766
11962
11841
11769
13315
13240
13254
13254
13262
13278
13225
13245
13270
13266
5439
