23427
18183
11293
9978
14131
11374
9629
9436
9989
9461
9726
12209
10485
23570
23543
23512
23474
23641
23492
23508
23463
23511
24846
23452
23242
23480
23401
23422
23414
23515
23433
23438
23408
23485
23417
23435
23407
23486
23419
23400
23424
23427
23470
28552
28541
23410
28522
28566
26961
23392
23392
23454
23498
23477
23480
23519
23391
23432
23507
23453
23471
23438
23441
23434
23532
23481
23471
23982
23447
24672
23411
23412
23421
23472
23410
23415
23468
23413
23484
23467
23412
23436
23439
23459
23453
23445
23446
23445
23442
23505
23454
23461
23506
23476
23424
24582
23420
23411
23425
23395
23402
23434
23404
23412
23395
23429
23492
23463
23444
23499
23439
23493
23468
26408
26365
26370
26339
26391
26319
26418
26359
26348
26394
9315
