26175
26855
26128
26018
10238
27355
24881
25282
25252
25471
9738
22876
10612
22898
22521
22475
22487
22706
22551
22493
22491
22542
22483
22508
22475
22533
22831
22585
22507
22585
22502
22686
22632
22387
22526
22467
22537
22498
22468
22447
22502
22507
22537
22550
22490
22516
22514
22465
22382
22497
22488
22409
22377
22486
22457
22400
22512
22545
22530
22501
22537
22448
22391
22676
22512
22466
22478
22501
22460
23945
22659
22521
22379
22420
26579
22598
22490
22528
22501
22472
22522
22550
22387
22393
22512
22455
22407
22458
22516
22538
22490
22494
22474
22526
22496
22483
22485
22513
22517
22515
22517
22390
22519
22489
22434
22442
22505
22512
22487
13539
25184
12418
12432
25222
25275
25423
25554
20743
8969
9076
24295
12656
9968
23082
