2932
1036
1038
1036
1036
1037
1037
1042
1036
1041
1037
1071
1036
1041
1036
1062
1036
1042
1037
1036
1036
1045
2946
1036
1075
1036
1046
1040
1069
1036
2943
1046
1037
1043
1036
1036
1036
1046
1040
2941
1036
1036
1038
1036
1036
1037
1070
1036
1045
1036
1072
1045
1043
1043
1227
2949
2949
2950
1043
1037
1044
1036
1072
1036
1052
1036
1045
1036
1043
1037
1037
1036
1038
1036
1037
1036
1036
1044
1036
1036
1038
1044
1036
1045
1036
1046
1036
1082
1037
1046
1036
1036
1036
1041
1036
1036
1036
1036
1036
2947
