20772
20774
24391
49838
20763
20755
20740
20902
48162
20755
48337
20884
20828
44471
20874
40088
43081
47797
20761
20756
20766
20773
20778
20768
20797
50709
20784
20797
20767
20852
20780
20807
20779
20780
20772
20770
20782
20781
20792
20786
20781
20774
20773
20805
20771
20775
20771
20823
49258
20819
20801
20760
20751
34756
49388
20747
20756
20769
20755
20761
20768
20762
20781
20791
20782
20789
20796
20853
20785
50186
20781
20790
49403
20761
20792
20771
20776
20765
20860
20772
20773
20781
20769
20770
20825
49694
20796
20806
20778
48901
20763
20771
20782
20762
20754
48380
20762
20762
20754
47682
