6595
9701
6553
16465
7087
10165
6687
9756
6504
9859
6726
7096
17377
16280
16266
16287
16259
16296
16283
16277
16306
16284
16274
16284
16333
16275
16260
16330
16253
16298
16268
16253
16280
16253
16288
16262
16317
16275
16277
16293
16272
16369
16293
16271
16333
16277
17096
16312
16255
16272
16288
16325
16293
16300
16274
16256
16256
16286
16288
16278
16277
16314
16253
16288
16280
16283
16290
16301
16281
16257
16285
16255
16296
16281
16306
16274
16250
16324
16259
16310
16320
16345
16306
16335
16329
16324
16315
16303
16336
16292
16253
16284
16267
19385
17119
16253
16312
16279
16313
16316
16310
16837
16285
16309
16362
16283
16306
16293
16318
16353
16288
16301
16361
18347
18313
18312
18298
18319
18317
19044
18319
18322
18317
6715
