61587
62532
89681
61501
61541
61647
61648
61536
89902
61625
61560
61571
61484
61475
61482
90907
61474
61485
61471
61476
90096
61484
61677
90429
61491
90638
61475
91012
89736
61480
61455
90453
61535
61664
61557
91467
85454
91394
61513
61505
89701
90113
61483
89385
61473
61503
61526
61591
61568
61485
61467
61493
61466
61462
61475
61489
61464
61519
61511
61540
61472
61491
61521
61548
61555
91570
90468
61482
61547
90069
63305
61457
61516
61572
90361
61474
90733
61485
90592
61457
90945
90034
61482
61495
90309
90352
61485
89565
61485
61473
61451
61579
61981
61660
61481
61486
61479
90275
61571
90120
