22671
22447
51073
48716
46360
22055
48262
21812
21747
21590
49825
22333
22783
30159
30005
29987
30028
29979
30051
30011
29998
30066
30107
29990
29991
29974
30163
30018
29976
30021
30105
52205
53261
21511
49681
49239
49451
49190
48652
49001
49146
49197
49513
21517
21542
21510
21532
21889
21525
21517
21541
21514
21516
21546
21515
21511
21523
21506
21551
21512
21544
21518
21516
21542
21508
21513
21527
21543
21514
21800
22827
21491
21491
50697
21515
48764
21506
21632
50159
49799
21487
21517
21479
21484
21518
21515
21490
21489
21490
32045
21483
51101
30933
21728
31550
49737
21497
49183
49325
49326
49253
49520
21497
21493
50989
21484
21502
40367
34929
50648
46993
21484
48092
21529
21534
21521
21572
21523
24677
21484
21500
21503
21494
29940
