31011
31039
31057
31063
31030
31006
31010
31109
31070
60187
58488
31126
31039
31051
31041
31035
31084
31048
31059
31061
31033
58232
30986
62247
54457
31006
44183
43287
31083
60479
31021
60053
31016
30985
31032
31051
31015
31017
60439
30986
31016
31000
31050
60614
31025
31069
31034
30987
60216
31009
31034
30981
45754
43168
30985
31008
60638
30998
30984
31040
30998
30980
59989
31003
31019
30986
61095
60392
61358
31063
31617
60734
31085
57733
31008
48228
59296
31004
58135
31013
30991
59617
31107
31081
31001
55931
58875
58266
47954
59652
30996
31032
30993
31002
31168
61689
61573
31032
30990
59532
