57617
57626
58202
57631
57575
86525
83637
84517
85262
57586
57629
57570
57611
84090
61309
84425
87162
85453
85106
57590
57555
57572
57783
58658
59020
58909
57803
57607
57612
57630
57588
57614
57609
57581
57590
57569
57593
57592
57569
57571
57596
57599
57582
57570
57584
57600
57577
57574
57579
57608
88309
86949
57621
57620
87083
57570
57581
57584
57573
57584
58038
84164
57597
57639
57587
87082
72333
57678
57668
57786
57686
57564
57572
57592
57615
57680
85301
57603
57603
57580
57595
57592
57633
57651
57659
57591
57596
57582
57592
57582
57560
57634
57597
57588
57628
57578
57580
57595
57591
57770
