883
742
802
1211
1677
797
799
796
825
811
662
661
704
1675
1677
1662
1661
2003
1663
1661
1767
1776
2111
1664
1662
1662
1664
1676
1743
1690
1661
1663
1663
1685
1674
1676
1663
1662
1662
1679
1680
1663
1662
1662
1661
1745
1682
1663
1663
1662
1662
1677
1675
1661
1662
1662
1678
1702
1662
1661
1662
1676
1717
1662
1661
1663
1675
1701
1693
1662
1662
1662
1694
1680
1679
1663
1662
1664
1676
1687
1662
1663
1662
1706
1681
1663
1662
1663
1679
1715
1678
1663
1662
1662
1824
1678
1662
1662
1662
1741
1717
1677
1662
1663
1662
1686
1734
1663
1662
1662
1686
1676
1714
661
1651
1652
797
744
715
724
796
857
661
662
