22873
19195
19195
19186
19191
20520
49567
48205
19191
46157
20232
20616
19451
19226
19202
19221
19249
19199
19205
19203
19214
19187
19202
19198
19181
19202
19225
19187
19197
19202
19196
48097
19188
19180
19201
19259
19196
19208
19215
19208
19199
19195
19216
46660
48550
46594
19216
47844
19225
19194
19198
19197
19207
19221
19205
19205
19197
19183
19196
19202
19210
19188
19199
19182
19191
19202
19187
49188
50226
47011
19283
47720
46570
19226
19257
19219
19261
19480
19238
47359
28726
29630
50166
46901
19188
19181
19212
48828
19204
19208
19199
19316
19196
19218
19211
20037
19186
19250
19194
19202
19191
19202
19196
39314
19189
47317
46377
19232
19222
19196
19194
19222
19322
19214
19616
19280
19240
19205
19195
19197
19224
30592
44238
26745
