21497
8572
21657
9105
21652
8554
9852
21714
8608
24389
8545
9219
24936
21500
21479
21534
21499
21505
21571
21503
21499
21501
21611
21571
21618
21610
21492
21580
21591
21499
21537
21519
21554
21494
21553
21554
21612
21598
21524
21552
21635
21548
21551
21544
21567
21552
21612
21515
21553
21606
23535
21534
21586
21524
21498
21543
21504
21544
21550
21529
21584
21517
21528
21493
21639
21702
21567
21542
21605
21555
21534
21515
21489
21505
21511
21594
21595
21535
21492
21557
21614
21534
21533
21560
21484
21535
21624
21593
21712
21568
21609
21628
21634
21557
21478
21538
21614
21602
21550
21564
21606
21556
21568
21555
21588
21550
21583
21637
21547
21585
21570
21638
21684
24176
24195
24190
24197
24220
24220
24258
9615
24169
24175
8573
