16261
14589
14998
5547
5520
14876
14874
14944
14714
14046
5682
13818
6105
13867
13889
14354
13963
13936
13861
13919
13894
13873
13888
13904
13882
13855
17180
13851
13857
14654
13901
13901
13896
13872
13925
13876
13918
13919
13950
13966
13918
13927
13855
13940
13921
13923
14007
13897
13932
13943
13927
13929
13971
13850
13881
13854
13868
13865
13865
13927
13884
13908
13955
13906
13908
14001
13918
13914
13905
13908
13960
13902
13846
13860
13916
13846
13944
13901
13915
13917
14471
13924
13968
13972
14006
13977
13920
13907
13973
13913
13908
14406
14049
13940
13933
13915
13918
13919
13863
13850
13856
14626
13875
13888
13901
13863
13855
13857
13969
13866
13878
13862
13873
14421
7006
6116
14497
7256
6798
7643
6737
8252
7422
5500
