25323
25092
26202
24528
24531
23828
23827
24850
23835
23282
8881
8691
9515
20562
20546
20530
20549
20587
20578
20516
20561
20653
20536
20590
20562
20574
20642
20561
20572
20553
20568
20596
20806
20795
20629
20618
20552
20523
20596
20569
20674
20606
20728
21113
20510
20651
20585
20732
20762
20648
20640
20627
20707
20894
20598
20609
20621
20621
20773
20539
20520
20589
20663
20644
20810
20604
20543
20637
20710
20931
20658
20627
20661
20528
20656
20565
20628
20580
20556
20562
20558
20534
20542
20566
20516
20595
20880
20558
20559
20516
20551
20644
20543
20512
20554
20547
20529
20628
20601
20650
20660
20630
20620
20667
20629
20607
20959
20836
20684
20603
20515
20619
20881
10464
23411
24815
23987
24396
23335
23177
26433
23698
23981
20579
