3062
2703
2700
2703
2692
2711
2690
2690
2717
2702
2701
2746
2712
2753
2712
2710
2708
2697
2735
2707
2707
2720
2726
2721
2720
2719
2760
2719
2770
2711
2708
2710
2707
2709
2721
2719
2730
2726
2765
2725
2726
2723
2704
2707
2709
2707
2723
2737
2721
2719
2718
2720
2725
2718
2707
2708
2708
2711
2760
2720
2761
2719
2721
2769
2720
2733
2707
2706
2710
2714
2722
2720
2758
2719
2721
2720
2772
2723
2721
2707
2735
2719
2721
2725
2777
2725
2719
2724
2731
2727
2707
2711
2707
2707
2719
2722
2723
2746
2727
2765
