46736
46691
46657
46662
75614
46769
76271
46795
46727
46705
46745
75396
46671
46656
46671
46736
47237
71901
46820
46697
46656
46753
46683
46684
46673
46794
46664
46652
46637
46703
46669
46745
46702
46669
46803
46659
46735
46653
46682
46659
46676
46707
57190
74714
46658
50342
75424
76567
46654
46661
46651
76612
76985
75696
74012
76093
46644
74464
46683
46691
46663
78995
46732
46696
46723
46735
46773
46747
46692
46711
46696
46692
46686
46707
46819
46687
46686
46711
46742
46685
46724
46733
46730
46714
46771
46724
46713
46804
77351
77498
46658
46663
46660
76265
60217
46652
74498
75512
76647
46665
