98437
98623
99033
99419
99667
99481
99324
70092
99533
99570
97785
99447
70093
98384
70174
98364
70263
70175
97270
70109
98142
70185
70190
98730
98788
99338
101131
70224
70213
70103
70106
99195
98816
70095
70108
99877
70146
99046
97958
97958
101171
99529
97717
70129
88337
74215
99388
70284
70229
70169
70545
70176
70519
70179
70529
70562
74427
70189
70185
70778
70154
70635
99124
98431
70206
70122
70130
70115
70131
70128
70561
72583
70197
70149
98879
100174
70500
70789
70149
99418
97724
70219
70177
70155
97964
98184
70145
99113
98091
70185
70989
70425
70115
70136
70141
70197
70231
70512
70200
70532
