43602
43682
43609
43621
43673
43634
43637
43608
43610
43599
43613
43627
43606
43680
43694
43615
43607
43617
43639
43803
60555
43613
43605
43606
43659
88799
61114
43829
43707
43614
43608
43604
72837
43612
43792
43616
43771
73700
43637
43641
43630
43602
43609
43640
43633
43656
72613
73023
43639
43619
43618
43616
43610
43603
43629
43624
43808
43649
43611
43627
43644
43615
43630
43612
43624
43604
43614
43619
43607
43613
43605
43603
43607
43851
43610
43609
43630
43611
43610
43610
43690
43600
43623
43653
43626
43610
43613
43624
43610
43608
43670
43611
43679
43622
43613
43602
43630
43605
43626
43607
