44859
27774
60518
27005
52169
46238
49315
22875
22971
23091
23655
34959
23009
22693
24276
53892
51540
22724
22689
22691
22692
22718
22690
51484
50132
22736
22691
51649
22688
22689
22737
22691
49588
52453
22895
44997
52507
22691
51977
50293
22832
49527
22701
51739
50198
22743
52125
50220
52408
50917
49875
51901
22744
50860
22676
22687
22717
51809
49874
51891
33970
22707
22712
22698
22698
22745
22702
22691
22695
22707
22701
22696
22695
22697
22694
22758
22714
22693
22724
22695
22684
22698
22694
22696
22720
22724
51207
53409
30498
45890
22713
22694
22724
22702
22692
22706
22692
22701
22711
22679
22686
51312
50642
22861
22688
22686
22680
22755
22680
22692
22688
24684
46841
22700
27566
31632
31916
53178
22739
22742
22711
22724
22708
31644
