36066
40453
19594
19748
44524
14488
14221
14219
35506
37383
37841
15600
22297
35604
35321
35394
35705
35495
35306
35377
35440
35364
35467
35440
35405
35352
35311
35584
35884
35339
35701
35312
35746
35568
35700
36491
35607
35448
35439
35478
35470
35502
35491
35486
35546
35572
35306
35399
35311
35310
35325
35378
35338
35355
35381
35337
35387
35387
35345
35342
35330
35335
35331
35409
35363
35323
35336
35372
35332
35341
35331
35392
35373
35325
35390
35319
35336
35303
35347
35335
35335
35331
35307
35308
35399
35392
35402
35404
35294
35308
35354
40385
35418
35493
35472
35434
35396
35463
35439
35514
35451
35469
35889
35463
36142
35480
35475
35516
35497
35483
35480
35314
35345
14035
14045
14057
14047
14075
15293
35333
35341
38045
43798
35443
