2851
2775
3125
2826
2573
2978
2518
2741
2502
2698
6303
6756
2854
6338
6306
6349
6316
6311
6308
6305
6316
6348
6298
6300
6335
6325
6325
6306
6349
6353
6335
6360
6346
6321
6337
6358
6332
6308
6301
6333
6299
6352
6301
6306
6305
6311
6351
6313
6315
6340
6352
6356
6342
6358
6354
6310
6298
6322
6365
6336
6324
6304
6314
6350
6334
6335
6336
6309
6366
6312
6310
6332
6297
6323
6316
6325
6301
6338
6305
6319
6322
6354
6309
6342
6372
6366
6340
6343
6311
6309
6296
6301
6336
6300
6326
6303
6344
6312
6314
6314
6347
6350
6307
6334
6328
6341
6301
6320
6319
6335
6324
6306
6302
6353
3083
6273
6272
6314
6313
6404
3095
2567
6262
2524
