13456
12768
12991
13825
16751
13843
12938
13027
13023
18165
32886
13849
13296
30700
30701
30688
30743
30658
31395
31003
30764
30745
30774
30712
30740
32289
30737
31258
30698
30713
30707
30741
30726
30667
37851
30709
30710
30704
30743
30717
30704
30784
30694
30682
30847
30819
30752
30697
30842
30856
30800
30785
31368
30810
30685
30681
30812
30980
30837
30799
31665
30840
30680
32391
30831
30860
30928
30851
30841
30913
30858
30796
30806
30758
30868
30843
30807
30959
30872
31151
30763
30675
30710
30797
30818
30806
30863
30806
30805
30814
30869
30789
30686
30810
30918
30805
30824
30785
30894
30802
30844
30913
30855
30734
30861
30795
30708
30724
30752
30871
30873
30805
30817
15510
31675
34792
35987
35510
36682
17960
17709
17975
18014
30735
