13119
13151
13125
13167
13141
13123
13119
13138
13114
13142
13144
13111
13131
13127
13157
13132
13128
13195
13120
13159
13203
13120
13111
13111
13112
13155
13135
13134
13140
13123
13147
13109
13142
13147
13112
13130
13138
13266
13137
13122
13248
13111
13207
13116
13117
13113
13159
13135
13130
13114
13136
13159
13148
13372
13134
13351
13320
13109
13308
13436
13492
13247
13334
13250
13120
13146
13112
13154
13113
13107
13187
13128
13116
13152
13148
13129
13117
13134
13133
13109
13119
13104
13144
13132
13117
13141
13119
13134
13139
13133
13113
13196
13137
13207
13160
13131
13115
13124
13139
13121
