57968
87302
57984
57977
58031
89600
58364
58297
58127
57983
57983
58090
57977
58138
58001
57986
57981
58019
57996
57971
57986
58029
58044
57982
57978
57975
57968
58021
57989
57977
57979
57977
57983
57980
58010
57984
58009
57977
58012
57968
58006
57972
57989
87913
87031
57998
57993
87301
57971
58024
86049
58028
58024
58023
57970
57983
57976
57973
58001
57974
57976
57988
57966
57963
57968
57987
57976
57971
57988
57967
57999
57990
59245
58049
57971
57981
58000
87144
57988
58006
57976
57978
86915
87196
58018
57991
86319
58033
57986
83535
57994
87228
59701
57992
57994
57988
58005
58066
87335
57978
