27508
27945
28978
27888
27809
27552
27429
26473
27369
27709
10453
9844
10607
13515
27357
24404
24745
24412
24745
24416
24430
24464
24462
24422
24594
24442
24444
24443
24495
24417
24442
24458
24434
24331
24398
24438
24589
24470
24324
24347
24402
24600
24438
24419
24450
24502
24464
24436
24446
24475
24447
24425
24450
24324
24406
24398
24634
24411
24432
24436
24509
24329
24337
24488
24426
24441
24432
24455
24461
24481
24324
24359
24396
24420
24442
24696
24457
24473
24743
24499
24418
24419
24438
24588
24430
24638
24433
24471
24446
24463
24357
24394
24447
24697
24628
24417
24470
24442
24550
24495
24538
24322
24449
24433
24460
24320
24350
24384
24375
24357
24346
25748
24519
10021
9755
9837
9777
10252
11189
9687
10676
10018
9955
24400
