10393
10382
10395
10415
10636
10523
10407
4124
10544
10407
10521
10453
10397
10386
10412
10418
10383
10382
10380
10382
10423
10385
10415
10372
10389
10394
10373
10397
10372
10421
10396
10365
10376
10387
10369
10387
10368
10372
10373
10373
10475
10375
10380
10372
10373
10409
10398
10373
10364
10360
10376
10409
10372
10371
10396
10407
10368
10399
10403
10441
10417
10373
10408
10372
10420
10397
5807
5752
5737
5754
10378
11357
10374
10417
10392
10375
10709
10423
10381
10383
10361
10406
10367
10377
10366
10548
10405
10439
10402
10407
10388
10363
10498
10389
10712
10465
10430
10403
10482
10396
