25281
23045
51875
26139
25839
51150
22981
22620
24406
22894
24330
26011
23333
22145
22070
22112
29407
22051
22068
22070
22104
22086
22054
22078
22104
22050
22064
22088
22072
22099
22120
22062
22065
22061
22091
22083
22068
22078
22061
22066
22054
22057
22061
22067
22065
22065
22065
22066
22062
22053
22061
22061
22059
22078
22065
22067
22083
22081
22052
22083
22085
22073
22066
22071
22087
22066
22054
22093
50670
52435
22055
22054
51074
22052
22082
22098
22089
22060
22054
22083
22074
22066
22067
22108
22064
45608
30785
52925
50621
23618
50871
22067
22054
22065
22093
22065
22066
22060
42444
52585
22078
27467
22110
22110
23016
22061
22070
22059
48680
22096
22104
50323
22079
27992
23758
22183
26649
28651
26097
26358
52217
29174
28434
22245
