50173
50166
50287
80319
50379
50287
50267
77648
50153
50152
52009
50149
50229
50203
50192
50153
50163
50187
50157
81108
81187
79170
50184
50190
50335
79293
50153
50169
50152
78980
79151
74973
77559
50152
74398
50145
50159
50170
50165
50155
50158
50150
50189
50166
50158
50162
50175
50179
50169
50183
50172
50178
50161
50160
50188
81078
78942
78977
50194
50226
79453
78223
50174
50169
50229
78735
77564
50187
77927
72587
50189
50164
79514
50153
50159
50162
50160
79322
50203
50237
50279
78320
79199
79707
78014
56496
50158
50174
50160
50146
77532
77824
50246
50231
50259
50294
50224
50807
50447
50231
