41816
41837
41816
41947
43643
47423
44342
44088
23184
23176
46078
16623
16638
42215
42294
43638
38707
16617
16621
16622
16635
16625
16614
41983
44484
44340
41772
37186
16753
41710
45682
16608
16625
16622
16724
16617
41562
24993
23286
23163
48777
45401
45326
16632
16617
16623
16616
16617
16624
16639
16714
16620
16617
16629
16607
16626
16616
16624
16615
16647
16608
16618
16629
42655
41996
41815
41911
41818
41819
41831
41837
41818
41826
41821
41846
42034
41830
41899
41861
41848
41822
41885
41826
41881
41849
41827
41827
41855
41992
41831
41855
41838
41830
41828
41825
41820
41823
41828
41840
41821
