18967
21037
28899
26423
31335
17776
18984
44357
17629
17336
46340
19305
17590
43023
46731
46460
23428
17031
17042
23703
17044
17031
17080
17047
17036
17050
17030
17050
17067
17050
17054
17031
17045
17031
17052
17036
17045
17052
17031
17039
17049
46820
23361
17016
42556
17019
25585
25615
47600
42606
47014
43422
23717
23718
23717
23732
23734
23750
23730
23736
23735
25232
47833
45653
17028
42638
23564
25533
22537
47013
17019
17037
17032
17023
17040
17030
17037
17038
17019
17024
17051
47067
42577
47468
42694
25602
47177
42651
25575
26636
27700
27781
23870
23740
23775
23757
23774
23779
23751
23758
23746
46614
26311
26162
26344
25379
23766
23731
23759
25285
23738
23745
23725
23757
23745
23781
23744
23734
24762
23715
23714
23767
17257
42892
