31674
31661
31666
31680
31801
31684
31980
31676
31670
31712
31632
31704
31680
31806
31660
31650
31744
31681
31678
31656
31710
31728
31738
31701
32042
31802
30321
31711
31707
31669
31685
31677
31743
31774
31632
31748
32002
31694
31704
31717
31737
31642
31740
31637
31669
31708
31701
31697
31637
31635
31703
31730
31700
31700
31714
31703
31715
31743
31658
31672
31629
31640
31673
31682
31639
31783
31791
31654
31686
31662
31661
31653
31667
31643
31696
31699
31656
31661
31659
31631
31688
31715
31683
31737
31684
31696
31692
31690
31694
31662
31641
31648
31658
31689
31682
31688
31695
31733
31705
31773
