19322
19185
18822
20505
19313
47705
45526
21700
18892
23886
18961
18678
19324
45674
18641
18636
18635
18635
18634
18634
18634
18634
18635
18634
18649
18635
18642
18638
18623
18657
18642
18633
18655
18638
18644
18639
18657
18668
18654
18659
18699
18644
18679
18679
18668
18673
18677
18663
18679
18645
18667
18706
18681
18652
18667
18657
49118
47906
18642
18675
18698
18674
18658
18671
18661
18647
18655
18654
18678
18668
18656
18685
18646
18657
18656
18652
18644
18672
18677
18648
18656
18673
49382
18669
18721
46589
48480
46098
27439
48139
46035
18632
18635
18627
18634
18632
30660
46955
18643
18643
18639
18638
18657
18640
18637
18677
18643
18641
18657
18645
18656
18643
18668
20697
19868
18684
18665
35763
49015
18999
19031
19011
19056
18643
