19952
7039
6841
6879
6814
8347
7080
9683
13959
17554
7891
16990
7250
17041
17017
17061
17033
17081
17044
17040
17035
17488
17039
17066
17047
17038
17035
17033
17006
17025
17044
17019
18651
17019
17120
17057
17129
17013
17115
17019
17038
17035
17030
17035
17042
17047
17072
17157
17074
17114
17019
17046
17038
17017
17036
17077
17070
17049
17023
17022
17138
17028
17163
17091
17042
17054
17019
17037
17062
17049
17048
17043
17017
17014
17077
17032
17045
17067
17039
17036
17049
17053
17052
17040
18581
17021
17363
17068
17148
17082
17069
17034
17490
17060
17061
17035
17053
17053
17103
17039
17046
17034
17049
17050
17056
17037
17033
17015
17015
17076
17043
17022
17024
19584
23790
20595
19630
19293
20019
21823
19238
19464
20357
6765
