1656
2904
1751
1655
1678
2393
1978
2674
2554
2197
1742
2130
4278
4092
4090
4093
4091
4138
4092
4089
4133
4110
4091
4087
4092
4132
4091
4094
4127
4123
4094
4115
4111
4121
4091
4091
4146
4126
4088
4091
4132
4121
4128
4091
5103
4096
4095
5025
4095
4122
4095
4089
4133
4102
4113
4124
4094
4094
4137
4095
4094
4117
4144
4091
4088
5024
4120
4092
4161
4094
4097
4095
4104
4138
4090
4092
4089
4150
4096
4120
4089
4121
4128
4093
4122
4127
4117
4153
4120
4091
4092
4092
4116
4134
4092
4100
4093
4140
4117
4089
4096
4088
4091
4099
4122
4112
4752
4087
4123
4099
4183
4093
4129
4665
4606
4595
4658
4621
4694
4635
9203
4139
4745
1632
