2626
4847
3335
3354
4269
3302
3728
4407
4788
2998
2331
4633
2493
5903
5885
5881
5881
5909
5877
5872
5876
5931
5890
5873
6116
5944
5885
5895
5909
5896
5888
5917
5907
5916
5880
5875
5880
5871
5881
5868
5905
5920
5885
5920
5917
5901
5880
5876
5875
5880
5890
5880
5876
5875
5872
5921
5889
5906
5965
5892
5893
5907
5876
5876
5903
5914
6019
5872
5868
5913
5879
5898
5902
5885
5898
5880
5905
5888
5875
5878
5876
5879
5903
5877
5874
5884
5883
5917
5916
5900
5906
5889
5915
5923
5887
5900
5899
5904
5912
5910
5897
5899
5922
5872
5869
5924
5882
5939
5906
5913
5917
5882
6245
6677
6645
6610
6606
6640
6655
6654
6636
6630
6644
2330
