30161
30681
30618
30436
30679
33325
11758
29851
29793
29757
29986
26766
11046
26498
26512
26526
26477
26508
26517
26405
26522
26464
26355
26459
26494
26516
26490
26363
26511
26522
26473
26654
26510
26351
26407
26946
26586
26486
26739
26426
26467
26476
26400
26501
26494
26351
26425
26522
26468
26479
26379
26365
26385
26478
26454
26498
26427
26424
26439
26414
26446
26464
26421
26383
26408
26411
26455
26386
26446
26407
26416
26415
26544
26487
26419
26393
26395
26411
26387
26397
26396
26395
26464
26708
26400
26376
26408
26413
26400
26354
26556
26363
26383
26388
26392
26378
26426
26390
26400
26356
26359
26525
26453
26453
26417
26465
27209
26742
26379
26389
26402
26375
26357
11550
27292
29831
30192
32510
29756
29797
29697
29840
29738
26402
