7538
18811
7390
7203
11085
7161
18365
7818
18348
7817
7433
7620
20723
18044
17965
17946
17943
17933
17970
17915
17943
17937
17914
17938
19369
17947
17948
18019
17991
17954
17926
17935
17917
17991
17914
17954
17944
17993
17962
17948
17944
17961
17962
17926
17952
17966
17987
17925
17960
18206
17950
17987
17915
17966
17941
17918
17973
17967
17952
17929
17965
18025
17961
17970
18019
17957
17934
17995
17955
17943
17989
17958
17948
18018
17961
18004
17931
17955
17954
17998
17917
17946
17997
17927
17934
17988
17952
17950
17946
17949
17945
17986
17937
18002
17946
17971
17940
17972
17948
17928
17971
17928
17930
18002
17926
19616
17951
17952
17942
18021
17972
18027
17997
20715
20786
20469
20187
8983
20589
21972
21885
21870
21889
7613
