4238
4215
4225
4212
4246
4254
4216
4240
4215
4212
4217
4209
4217
4248
4257
4235
4272
4206
4211
4212
4253
4221
4217
4264
4241
4243
4208
4263
4216
4213
4243
4211
4210
4216
4211
4221
4222
4214
4208
4211
4249
4213
4246
4211
4246
4216
4245
4214
4258
4213
4266
4213
4213
4212
4249
4209
4264
4267
4218
4220
4216
4214
4219
4217
4220
4216
4216
4219
4274
4272
4216
4222
4253
4216
4216
4271
4225
4208
4251
4215
4207
4255
4246
4214
4223
4216
4242
4224
4203
4214
4256
4214
4212
4210
4214
4219
4212
4303
4215
4234
