5851
5852
5866
5855
5852
5905
5860
5896
5862
5907
5866
5851
5904
5856
5851
5859
5892
5868
5863
5941
5863
5878
5847
5870
5843
5861
5860
5902
5941
5941
6024
5880
5870
5938
5918
5862
5862
5996
5866
5854
5964
5876
5903
5859
5872
5849
5870
7153
5946
6022
5853
6049
5849
5850
5848
5848
5899
5884
5864
5868
5861
5853
5851
5882
5878
5848
5847
5878
5890
5911
5868
5851
5855
5855
6102
5882
5847
5885
5854
5873
5858
5851
5848
5869
5856
5855
5861
5857
5853
5857
5848
5854
5891
5890
5849
5901
5889
5851
5873
5863
