36431
36401
36394
36357
36388
36350
36355
36382
36376
36381
37468
36426
36341
36381
36306
36374
38074
36349
36344
36325
36373
36327
36508
36341
36480
36482
36395
35620
14420
14474
14422
14457
14434
14437
14420
14427
14433
14435
14423
14427
14427
14426
14418
40862
19848
44329
20117
20129
20120
43099
22040
22216
14423
40999
22061
22414
20156
20128
36358
36352
36405
36335
36357
36363
36370
36368
36431
36905
36435
36477
36394
36377
36365
36450
36379
36335
36334
36449
36537
36395
36338
36356
36405
36327
36304
36403
36362
36389
36351
36367
36710
36314
36482
36483
36460
36425
36368
36337
36385
36360
