16512
16480
16493
16497
16476
16472
16518
16470
16499
16495
16561
16510
16508
16520
16491
16507
16498
16567
16520
16509
16506
16498
16516
16501
16496
16498
16512
16587
16507
16480
16514
16515
16499
16490
16509
16502
16469
16539
16543
16486
16661
16525
18636
20079
16478
20058
16501
16517
16476
16471
16486
16499
16488
16480
16583
16494
16536
17160
16520
16525
16536
16553
16561
16562
16509
16508
16507
16485
16501
16670
16539
16479
16483
16480
16492
16505
16489
16502
16482
16499
16507
16478
16500
16482
16502
16494
16540
16504
16496
16477
16520
16516
16467
16492
16487
16509
16499
16507
16528
16525
