523
1061
1045
1044
1325
1328
1045
417
418
520
438
529
410
410
410
410
410
410
410
410
409
409
410
409
409
410
427
409
410
510
409
409
420
409
410
410
409
410
410
410
409
410
1160
410
410
409
410
409
410
409
410
409
410
410
410
410
422
410
410
486
410
410
417
410
410
417
410
409
410
409
410
511
510
510
517
1160
541
510
511
511
510
510
510
510
510
510
510
517
510
510
510
510
510
409
410
410
410
410
410
410
1160
410
410
410
410
410
410
410
409
409
468
410
410
427
409
410
416
409
409
410
410
410
410
615
