13416
13389
13374
13370
13414
13424
13385
13384
13509
13399
13398
13403
13394
13390
13423
13365
13413
13377
13407
13366
13375
13399
13397
13392
13401
13388
13375
13387
13392
13387
13389
13384
13488
13425
13376
13373
13384
13365
13401
13398
13405
13371
13391
13398
13407
13373
13385
13387
13539
13414
13398
13399
13385
13408
13450
13405
13370
13396
13414
13396
13384
13396
13374
13369
13393
13419
13391
13404
13508
13403
6522
5336
15268
13881
13402
13376
15225
16482
7409
13769
13396
13413
13374
13407
13407
13411
13403
13402
13391
13399
13399
13397
13393
13386
13385
13399
13377
13388
13402
13395
