5625
4920
12314
4953
12321
13759
15503
5610
5269
12386
5508
6030
5918
12479
12466
12475
12464
12469
12462
12447
12433
12456
12373
12477
12453
12499
12409
12446
12456
12486
12438
12454
12455
12466
12451
12475
12468
12429
12748
12468
12487
12477
12461
12383
12483
12444
12381
12479
12447
12397
12377
12454
12427
12447
12466
12478
12475
12386
12447
12429
12556
12480
12488
12483
12421
12445
12432
12424
12449
12403
12477
12440
12521
12463
13063
12448
12385
12431
12713
12479
12444
12469
12488
12467
12489
12473
12381
12450
12459
12430
12459
12460
12393
12467
12468
12440
12502
12465
12443
12479
12415
12380
12437
12481
12456
12453
12452
12450
12447
12458
13965
12413
12393
6285
16344
7521
6209
6419
6223
5604
5724
13318
6062
4916
