75261
87852
89091
61920
61912
61905
89340
89400
61887
61914
61901
90775
89410
89490
89982
89694
61920
89406
89435
89474
89402
89301
61913
89195
89248
89590
89431
91589
89657
61875
90027
89735
89567
89499
91222
61888
88267
61891
62253
89580
89672
61887
89407
89473
89313
89504
61899
89326
89449
89476
89507
89388
61932
61912
89763
89619
89308
89416
89416
88836
89203
89377
89494
61894
89856
89037
89373
89428
72962
90120
91327
91452
61874
79453
91959
89323
61874
61955
61887
61890
61899
88822
61890
61913
90171
89389
89224
89354
89451
61889
90034
89032
89318
89366
89464
61891
90124
89305
89417
61896
