51662
22403
19744
19782
21034
30766
20601
48691
22761
20160
48644
21664
20969
19738
19746
19743
19750
19761
19750
19798
19752
19752
19750
19753
19749
19741
19746
19763
19749
19750
19741
19791
19767
19759
19795
19811
19806
19770
19762
19759
19782
19803
19763
19787
19806
19760
19754
19759
19778
19806
19760
19766
19765
19871
19802
19809
19782
19801
19791
19939
19784
19793
19768
19766
19900
19773
19821
19792
19779
50689
49725
19803
19852
19784
19955
19783
19785
20550
19853
19794
19775
19773
19769
19762
19773
19805
19824
19784
50755
19761
19732
47977
48745
19954
20005
19760
19752
19754
19777
19749
19755
19749
32935
48190
46954
19772
19766
19750
19753
19751
19747
19754
19746
27723
45747
19737
19752
19775
19740
19741
25190
26288
50099
19753
