2124
5342
5377
2593
2408
5369
2414
2162
2124
2297
5580
2280
2339
5325
5411
5397
5370
5367
5373
5343
5335
5332
5332
5356
5333
5334
5332
5340
5335
5335
5366
5375
5326
5324
5371
5334
5329
5327
5324
5382
5361
5331
5329
5360
5354
5359
5331
5357
5323
5387
5364
5330
5330
5335
5367
5345
5330
5327
5336
5364
5354
5330
5328
5360
5370
5364
5378
5336
5326
5387
5356
5329
5329
5326
5371
5338
5330
6513
5340
5334
5363
5387
5370
5336
5356
5326
5395
5341
5334
5367
5325
5339
5345
5335
5356
5324
5370
5338
5348
5327
5323
5413
5387
5332
5365
5336
5384
5374
5340
5338
5325
5358
5360
2672
5990
5405
5452
5398
5411
5487
5300
5331
5293
2121
