2053
2652
2635
2269
3460
2556
2593
2109
2592
2773
2448
3966
2254
5023
4960
4948
4948
4937
4951
4946
4940
4995
4946
4940
4975
4942
5101
4970
4947
4970
4961
4961
4948
4946
4989
4944
4977
4953
4946
4966
4974
4955
4945
4944
4968
4943
4948
4981
4995
4940
4938
4945
4945
4939
4955
4944
4939
5014
4943
4945
4986
4947
4941
4974
4948
4943
4959
4948
4946
4955
4957
4944
4942
4967
4974
4962
4937
4944
4946
4940
4951
4979
4940
4967
4951
4944
4953
4952
4985
4943
4952
4944
4968
5004
4946
4939
4975
4943
4946
4952
4949
4943
4960
4947
4943
4955
4948
4944
4963
4948
4943
4941
4951
5569
5564
5617
5613
5560
5633
5586
5561
5553
5564
1971
