10826
10125
26009
11417
26348
27858
26359
27354
27356
27689
11520
10898
10223
25485
25457
25434
25424
25429
25407
25402
25494
25570
25421
25411
25413
25414
25434
25408
25843
27455
25389
25410
25420
25465
25402
25377
25383
25400
25377
25382
25397
25479
25456
25398
25396
25421
25393
25414
25461
25429
25433
25472
25395
25398
25402
25423
25480
25486
25441
25368
25372
25393
25471
25392
25463
25394
25399
25394
25466
25408
25383
25385
25374
25453
25450
25380
25390
25406
25407
25401
25403
25402
25377
25378
25397
25400
25394
25417
25399
25375
25376
25430
25394
25389
25412
25482
25375
25430
25430
25462
25464
25459
25431
25420
25410
25407
25413
25450
25403
25378
25382
25401
25450
28657
28016
11438
35635
25302
29501
30396
28852
29256
28776
10098
