23168
46145
17568
53418
21742
29351
17783
44482
43774
44721
17837
18156
17669
17611
17589
17600
17559
46283
37001
17549
44184
44167
24454
24505
24472
24502
24450
24507
24462
24456
24460
24496
24462
24477
24496
24489
24466
24461
24457
24457
24459
24461
44288
49353
26329
17553
26451
31690
24463
24452
24448
49205
36120
44648
17564
17549
17560
17557
17612
17549
17557
17560
17590
18394
17552
17547
17566
17561
17597
17588
17584
17559
17549
17550
17554
17591
17557
17553
17570
17565
17580
17572
17582
17586
17561
17729
17584
17572
17581
17570
17576
17604
17577
48705
46103
46042
44300
24505
24506
24487
24483
24485
24513
24486
48162
24520
17551
24505
17711
43950
17553
26325
37708
19102
19969
19042
48153
52589
36734
54571
18876
45601
20722
17559
