36761
36750
36796
36807
36788
36795
36809
36794
36758
36743
36805
36798
36789
36764
36746
36803
36779
37062
36858
36765
36779
36836
36878
37121
36791
37127
37076
15760
37399
36923
14610
14598
14615
14621
36909
14603
14605
14610
14618
14599
14612
14609
36833
14602
14640
14606
14623
14631
14610
36759
14596
14605
15259
14596
14614
14621
14600
36777
14632
14615
14598
41424
44790
41357
20338
36764
36788
36791
36779
36796
37111
36846
36809
36798
36811
36773
16766
14600
14617
41470
36788
20364
20351
36764
36811
36785
36745
36901
36833
36826
36788
36812
37008
36763
36753
36782
36805
36784
36780
36780
