12465
13555
11038
11190
11130
11073
28740
29404
29802
18001
12006
12214
11161
27478
27472
27468
27547
27501
27471
27460
27536
27470
27528
27455
27448
27467
27485
27565
27468
27482
27469
27433
27470
27466
27472
27457
27616
27441
27471
27533
27470
27429
27496
27425
27540
27456
27469
27456
27500
27481
27522
27494
27488
27518
27444
27459
27468
27475
27485
27454
27470
29127
27576
27435
27561
27504
27435
27515
27451
27467
27500
27471
27453
27467
27521
27470
27429
27482
27523
27493
27467
27480
27549
27500
27445
27460
27556
27478
27472
27477
27473
27462
27471
27537
27617
27449
27503
27465
27524
27471
27538
27438
27451
27528
27472
27467
27488
27501
27448
27467
27447
28863
27620
30031
27354
34467
17602
12087
11440
27366
28045
25167
10949
10926
