1402
1386
1164
2505
1164
1501
1404
1433
1448
1412
1141
1292
1175
2886
2888
2918
2886
2871
2870
2886
2884
2885
2884
2899
2870
2870
2906
2883
2896
2934
2870
2869
2885
2880
2888
2932
2883
2869
2879
2936
2904
2883
2882
2871
2870
2886
2885
2885
2898
2870
2870
2885
2912
2887
2934
2869
2870
2930
2893
2884
2885
2925
2869
2870
2884
2954
2882
2907
2870
2870
2888
2884
2884
2881
2941
2870
2869
2923
2890
2915
2912
2868
2877
2887
2882
2918
2883
2869
2869
2882
2881
2892
2881
3485
2891
2926
2884
2884
2870
2869
3059
2885
2889
2869
2871
2917
2891
2910
2886
2885
2869
2869
2883
1588
1435
1459
1413
1383
1440
1425
1412
1413
1381
1141
