53877
82569
82084
54155
53837
53986
53866
81873
53867
53853
82997
54129
53805
53790
83125
53808
55016
53851
82432
58082
53803
53799
53823
53820
53792
53800
53835
53816
53819
53865
53807
73493
76912
53936
53972
53980
53974
53935
53944
53943
53957
53930
53946
54187
53923
53933
53955
53933
53934
53988
53918
53961
53986
53975
53975
53977
53952
53985
53979
53988
53986
53929
53934
53947
53978
53956
53961
53923
53918
53912
53947
53953
53932
53956
53913
53940
53928
83019
53839
53832
53863
80653
53797
53807
82642
81700
53835
53814
54365
53981
53808
53807
53811
53808
53863
53852
53878
53938
54046
53818
