23125
23265
39725
52299
23176
23126
23137
38684
49488
23125
23182
24997
24508
27068
23137
23208
23127
23144
23126
23141
23132
23135
23149
23129
23132
23115
23218
52554
23133
23143
50788
23148
46719
53602
53282
49707
23260
23192
23188
52743
53337
23145
32301
50546
51739
52949
23131
50999
23111
50732
23131
23138
23125
51337
23130
23130
23209
52350
35700
52652
23129
23123
52403
23120
23154
23124
23125
23126
50304
23125
23121
23135
23145
23132
23167
23183
50728
50799
53865
53466
23156
23158
23196
23159
23151
23163
23173
23169
23179
23153
52824
23157
23193
23134
23144
23188
52152
23128
23130
23130
