813
1016
1086
1253
813
1061
814
1015
1438
1088
2460
2319
888
1995
1995
1994
2028
2006
2022
2302
2023
2010
2015
1995
2026
2259
1995
2026
2259
1995
2065
2008
2008
2102
2043
2022
2054
2023
2022
2092
2007
2008
2041
2007
2008
2008
2008
2020
2020
2021
2019
2020
2058
2064
2007
2011
2058
2008
2040
2008
2008
2051
2025
2020
2031
2020
2071
2008
2008
2007
2008
2007
2008
2027
2020
2019
2021
2031
2025
2007
2007
2008
2008
2007
2008
2020
2022
2019
2024
2054
2023
2008
2008
2008
2008
2008
2008
2022
2021
2035
2022
2084
2022
2025
2008
2007
2008
2008
2008
2020
2019
2081
2020
996
995
995
996
995
995
996
995
995
996
798
