131901
130528
133678
130753
130180
103019
131150
102942
131981
102886
131970
130370
131205
102870
102856
132497
131527
102874
130269
131508
102918
129407
102847
131302
102887
104089
130747
131812
130651
131123
102865
130471
131240
129180
131285
129989
132467
102891
131647
130616
131688
102950
131710
130076
132555
131495
130568
131618
130098
132036
129862
132095
102846
131635
103783
132125
129978
132834
132771
131465
131991
129668
131835
102867
130336
102861
130777
130319
131363
129523
131688
129925
132614
102943
131410
131883
125738
102886
131397
129911
131835
103643
103061
131232
129870
102847
131028
129736
131772
130253
131213
129889
130585
130474
131070
130699
102857
131972
102938
102898
