3788
3728
3825
3594
3356
4376
3553
7756
4021
3382
3387
3622
8354
6921
6918
6885
6923
6917
6899
6973
6882
6917
6916
6900
6930
6903
6927
6971
6894
6921
6883
6919
6930
6948
6921
6884
6926
6927
6898
6922
6918
8607
6906
6891
6895
6931
6916
6882
6886
6894
6894
7505
6921
6895
6936
8522
6973
6942
6925
6883
6894
6954
6894
6919
6881
6893
6894
6898
6897
6885
6891
6902
6928
6893
6887
6885
6917
6891
6893
6886
6931
6898
6936
6902
6957
6929
6892
6891
6956
6889
6904
6891
6916
6885
6892
6921
6896
6893
6906
6885
6900
6892
6895
6885
6897
6915
6892
6938
6885
6901
6894
6892
6905
7753
7779
7750
7792
7749
7834
7750
7817
7770
7780
2733
