32114
32158
32085
18137
32085
32186
32274
32572
32132
32119
32110
32096
32076
32094
36589
32110
32090
32098
32084
32103
32127
32894
32116
32081
32549
32280
32280
32176
32163
32162
32113
32100
32127
32135
32132
32101
32101
32134
32100
32098
32088
32099
32139
32123
32109
32081
32112
32068
32102
32089
32104
32281
32179
32149
32101
32114
32104
32097
32093
32102
32102
32145
32097
32230
32095
32130
32279
32270
32073
32127
32109
32101
32112
32102
32097
32094
32096
32095
32088
32089
32082
32304
32273
32167
32139
32094
32106
32107
32070
32063
32104
32092
32149
32113
32121
32064
32264
32252
32108
32112
