65525
94779
65659
93427
65827
85059
65635
92869
65487
65493
94412
93377
92355
94664
65548
91450
65515
94604
96176
94944
65554
65505
65506
93846
92633
93053
93516
65537
65606
65546
65546
65612
65612
65564
65579
65521
65512
65540
65577
92526
93319
65499
65517
65483
94547
93809
65507
94415
65514
65558
65517
65587
65504
65537
65503
94335
91276
65500
65490
65598
94942
65501
65500
65500
65551
94042
65538
93851
65498
93976
65495
93962
65551
65523
96739
97074
94475
65498
65503
65575
65520
94078
94627
96280
94741
95957
92523
65524
65511
65517
93778
94854
96574
65487
93731
65520
94035
65531
94907
93568
