23381
23362
23403
23374
23406
23365
23457
23359
23386
23385
23414
23392
23371
23357
23390
23366
23389
23369
23377
23373
23478
23433
24074
23372
23388
23374
23389
23367
23445
23368
23378
23383
23632
23403
23369
23369
23384
23369
23366
23387
23472
23406
23354
52942
23444
32227
51878
23379
23402
23376
23374
23376
23374
23373
23424
23375
23372
23379
23371
23400
23384
23377
23373
23369
23371
51820
23407
49623
23404
23382
23393
51479
23369
23362
23411
23370
23401
45231
23390
23373
23397
23366
23366
53444
23386
23371
23379
23378
23371
23390
23373
23367
23370
23361
23429
23409
23376
23370
23386
23363
