66411
41594
31007
28614
28510
29101
27435
26525
26681
26800
37538
36795
54862
63054
42403
25775
25829
26086
25825
25775
25784
25791
25782
25777
25787
25774
25963
25796
25783
55515
39032
25782
53799
25794
25806
53512
54006
53699
53517
53188
26995
54178
25817
25771
25852
26078
25781
25855
25812
25805
25796
25774
25773
25781
26556
25783
25784
25781
25789
25778
25780
25800
25795
25820
25781
56494
57549
36092
54370
53580
53337
25783
25789
53497
25812
25778
25822
25786
25777
25777
25790
25791
25778
25830
25787
25794
25808
25772
25778
25777
25777
25783
26151
25792
25783
25777
25778
25793
25782
25781
25819
25778
25941
25783
25782
25813
25787
25816
25805
25783
25783
25817
25781
57042
25775
25852
25791
25783
54969
25803
25784
25807
25767
62420
