79762
79422
106111
78873
108397
78921
107472
78821
78816
78814
78809
105992
78897
78833
106651
108516
106151
107414
78804
78804
78970
78860
107923
78882
78950
107782
78826
78846
78798
78836
78812
107902
78846
78849
78852
107209
78846
78811
79074
78874
78811
78833
78809
106543
78888
108490
78915
78847
107486
106832
78847
78839
107005
108382
78846
78807
106077
107122
107718
78832
78829
106649
108583
78807
78814
107804
78890
78907
78872
107729
78843
78801
107478
108243
106568
78856
107830
106323
107135
107534
108601
108619
79015
78855
106969
78811
107763
78868
78877
78857
107532
106187
107978
78876
78893
108339
78843
78807
107938
78877
