126254
125466
125339
124717
124978
127265
127031
124141
124781
97814
97851
97899
97841
97811
98048
97883
97818
126781
125456
97807
97853
97912
97870
97914
128051
126229
126551
125565
125830
124709
124999
125023
125132
124295
125065
125071
128656
127296
125123
138283
116016
98109
98001
97830
97881
97873
97858
97914
97896
97875
97958
97916
124372
97832
97848
97842
97861
97835
97857
97858
97954
125132
98024
98111
98016
98002
98034
97971
97913
97943
97996
97871
98191
98137
98234
125624
126172
125068
125274
125259
110342
125076
125403
126715
126226
127739
97857
124404
97872
125109
97874
97869
97853
127384
126068
125884
125316
125602
124473
125358
