10907
23734
11288
10863
10755
23450
22911
23005
11048
22877
8369
18681
7540
18807
18779
18833
18770
18744
18779
18724
18740
18788
18790
18734
18765
18775
18747
18765
18758
18781
18741
18767
18809
18766
18765
18801
18783
18760
18813
19236
18749
18764
18757
18754
18742
18770
18761
18805
18788
18808
19273
18816
18784
18792
18789
18818
18802
18798
18791
18830
18806
18789
18797
18754
19688
18775
18794
18781
18764
18840
18808
18792
18773
21330
18795
18737
18842
18768
18803
18800
18753
18804
20352
18762
18786
18812
19259
18771
18761
18751
18758
18770
18800
18729
18762
18742
18751
18771
18877
18743
18751
18741
18759
18763
18734
18760
18743
18754
18739
18796
18871
18792
18807
21078
21150
21121
21296
22711
21176
22282
21266
23761
22490
7440
