14667
17200
13475
13829
14202
16268
31982
28690
14575
33408
34016
34444
14889
33114
33364
33129
33288
33188
33184
32967
33096
32949
33138
33013
33373
33079
33094
33076
32971
32992
33491
32990
32981
33009
33081
33064
32948
32954
32980
32973
32960
32975
32964
32978
32973
32967
32969
33105
32952
33109
32975
33285
32947
33192
33255
33621
32986
33037
33103
33010
33001
32995
32967
33005
32979
34779
33461
33369
33342
32984
33245
33122
33979
33064
33130
33117
33150
33091
33898
33003
33320
33064
33093
33036
33405
33235
33083
32980
32986
33893
32969
33005
32943
33100
32947
33010
32975
33222
32974
32939
32975
33413
33090
33312
33156
33159
33361
32983
33037
33369
33271
33366
33083
18445
19846
32698
39028
15387
13976
13278
13143
13162
13103
33039
