23549
48322
21430
21602
21172
22006
22952
49587
24565
23652
24149
21674
22492
20922
36714
48507
20905
20889
20884
51238
34716
21634
29082
29098
29092
50027
49247
20942
20889
20891
21334
20886
20886
20931
20974
20911
20889
20888
20879
20892
20895
20905
20929
20901
20911
20898
20899
20882
20924
20911
51476
48271
20908
20884
20917
20896
20894
20883
50221
20963
48454
48870
20877
20883
20901
20888
20892
20879
20881
20924
20918
20930
20889
20877
37175
47601
48636
20917
20937
48778
20881
20878
20912
20890
20882
20876
48355
20881
20933
20897
20922
20886
20889
20889
20918
51473
20877
20880
20917
20878
20888
20888
20904
20885
20929
20877
20888
20888
20932
20906
20912
20887
20886
20975
20942
46098
47157
21660
25542
23520
22425
21401
21490
20882
