41361
41494
41363
22862
48510
16425
16411
41722
42889
41331
22889
46341
41985
41355
41302
41376
41971
17480
43076
41232
16431
41004
24642
24612
16411
16415
24616
16430
16408
24627
16410
16411
16465
16415
24635
16414
16412
24659
24782
24259
23044
46019
45952
16403
16407
16407
16418
16428
16407
16437
16451
16421
16418
16428
16430
16404
16405
16414
16403
16483
16425
16411
16425
16439
16404
16415
16407
46041
45969
16425
16416
16406
16419
16404
16418
16415
38156
41410
41335
41358
41400
48007
41136
41391
41407
41391
41405
41484
41454
41389
41394
41447
41458
41475
41285
41336
41314
41309
41323
41334
