122054
121882
122005
124049
120186
121116
92835
92841
92869
92980
122167
94278
121071
121608
121036
93051
92845
120478
121171
121113
120762
121112
121534
121172
121288
120706
121207
121253
121118
120880
121686
121039
121482
120661
92822
122343
122216
120721
121410
121102
121703
121073
92822
120691
120956
122280
122591
121704
107925
120850
120803
120647
121501
118574
94623
121270
122838
120051
121323
107636
92939
121506
120918
120814
92865
92886
121010
92817
122242
121701
121780
121244
120982
120932
121572
121113
121003
121139
122259
92851
119337
120319
107408
92876
121934
120981
121318
120993
121654
121020
120931
123349
121771
122661
120406
121430
121820
121170
121053
120730
