30019
44671
27243
51386
50550
25397
49217
30793
24575
52623
23514
43398
24184
23255
23280
23267
23303
23276
23255
23300
23272
23275
23323
23277
23285
56109
50141
37441
50501
23264
23307
23270
23270
23274
23304
51167
23323
51306
50076
30069
53419
23281
23275
23261
23272
23277
23268
23296
51575
23264
23269
23272
23277
23271
24041
23275
23310
25120
51597
50274
33531
50324
23286
23266
23275
23277
23275
52452
50533
23281
23287
23323
23290
23270
23271
23270
23271
23271
23268
23273
23272
23274
23289
23262
23310
53545
23273
52313
23259
25516
51897
23357
53342
23270
23312
23308
23268
23309
23266
23292
23282
23286
23268
23267
36158
50877
23279
23269
23323
23271
23290
23272
23271
29936
27063
30364
29330
23804
51963
28912
24632
26915
52258
23292
