8183
8151
8209
8146
8166
9312
8186
8153
8152
8157
8167
8139
8219
8179
8176
8141
8154
8177
8188
8161
8189
8150
8151
8149
8151
8141
8196
8141
8153
8164
8143
8138
8172
8174
8179
8137
8145
8198
8183
8189
8143
8147
8185
8168
8142
8192
8209
8237
8231
8184
8179
8158
8162
8179
8165
8143
8168
8181
8167
8144
8175
8167
8141
8172
8152
8141
8161
8172
8175
8143
8175
8160
8184
8346
8208
8151
8149
8191
8162
8200
8154
8166
8177
8148
8200
8140
8201
8182
8161
8238
8189
8168
8169
8178
8185
8152
8171
8146
8202
8166
