3647
3689
3602
3621
3733
7501
8132
7639
3082
3053
7411
3156
3551
7388
7377
7407
7417
7382
7363
7376
7411
7381
7383
7411
7368
7381
7401
7360
7419
7399
7397
7388
7402
7382
7416
7396
7362
8542
7365
7373
7413
7388
7386
7383
7368
7409
7412
7361
7374
7397
7363
7382
7400
7362
7397
7375
7361
7377
7398
7361
7397
7375
7381
7374
8836
7426
7405
7387
7378
7433
7364
7375
7397
7362
7397
7396
7389
7384
7400
7362
7383
7432
7361
7399
7412
7361
8567
7383
7427
7404
7366
7412
7439
7388
7414
7394
7362
7374
7376
7361
7394
7411
9021
7399
7422
7397
7378
7411
7395
7380
7388
7406
7396
7394
7344
7373
3199
3623
3689
3491
3646
3747
8246
2930
