75494
82464
89386
110782
77996
98742
75852
75290
77645
75540
101611
99826
74358
73916
73928
73922
73932
73915
73916
73922
73915
73908
73920
73905
73939
73906
73913
73926
73912
73905
73951
73923
73925
73907
73916
102551
104055
73911
73918
73902
73926
73915
73934
73908
103647
73903
73918
73919
73914
73909
103058
73939
73955
73944
103128
74444
74155
74038
74122
73998
73927
102877
73914
73914
74486
73915
102888
73913
73917
73939
103573
73902
73916
73919
73908
73913
73916
73902
73927
73917
73918
73919
73916
73908
73905
73911
73923
73908
73906
73918
73918
76130
74045
73978
73931
73933
102600
104390
103380
101329
102663
101442
102389
73908
100965
101812
102931
102305
102254
101111
102241
102962
103281
74832
74809
75119
74931
74828
74804
74808
75381
74642
74601
73944
