54568
25945
25993
25958
25702
54651
51985
48722
55967
52510
54914
55055
25700
55654
25777
55115
44725
26156
54391
54761
51697
25715
25732
53927
25651
51945
25663
25645
25820
54941
54573
25685
25684
25652
54134
50728
25626
25731
25622
54043
25641
52188
25671
51922
25703
25743
25665
52447
25616
25880
25641
54953
25719
25644
25625
51365
52610
25651
25675
25911
39293
54788
53996
25686
25633
25639
25840
25902
25985
25843
25900
25821
25714
25721
25777
25751
25822
25785
25764
52915
25636
26372
54153
53260
25926
54140
55336
25608
25691
25645
25750
52749
25711
25665
25669
52685
36171
53942
25657
25643
