1036
2615
2659
2604
2768
2616
1044
1039
1055
1054
2603
2452
1064
2605
2603
2602
2606
2626
2602
2640
2602
2636
2602
2602
2590
2589
2590
2591
2590
2949
2649
2601
2641
2947
2946
2932
2932
2590
2643
2607
2607
2607
2619
2657
2620
2621
2623
2618
2619
2620
2623
2618
2618
2645
2621
2645
2618
2620
2620
2619
2619
2620
2651
2606
2607
2606
2606
2607
2607
2606
2607
2606
2607
2619
2625
2621
2624
2623
2620
2620
2619
2622
2621
2624
2619
2620
2653
2623
2620
2620
2608
2608
2607
2607
2607
2607
2608
2607
2606
2660
2622
2620
2625
2620
2650
2621
2619
2620
2618
2619
2618
2623
2621
1037
1036
1036
1047
1037
1036
1036
2672
2633
1036
1036
