36481
36370
36411
36382
36381
36357
36353
36391
36364
36430
36409
37480
36413
36725
36399
36431
37756
36368
36659
36918
14905
37287
36426
36399
36406
36383
36467
36539
36679
36460
36369
36439
36430
36445
36371
36448
36684
36649
36504
36533
36608
36367
36643
36641
36654
36492
36735
36637
36544
36605
36455
32476
36722
36353
36504
36366
36373
36324
36424
36347
36423
36440
36600
36439
36331
36346
36307
36430
36399
36401
36372
36823
36359
36372
36410
36385
36403
36344
36358
36364
36324
36360
36319
36461
37106
36458
36439
36496
36455
36453
36393
36582
36445
36398
36400
36349
36422
36412
36495
36389
