13120
13185
13122
13161
13209
13227
13123
13252
13184
13406
13138
13129
13226
13204
13161
13162
13171
13267
13155
13138
13170
13156
13152
13316
13288
13180
13127
13201
13168
13235
13338
13119
13156
13131
13125
13144
13209
13114
13129
13144
13169
13254
13243
13140
13132
13260
13138
13693
13129
14392
13157
13125
13181
13177
13262
13203
13157
13162
13162
16037
13108
13115
13147
13198
13103
13143
13114
13131
13189
13146
13154
13128
13146
13221
16191
13160
13129
13185
13172
7277
13121
13161
13184
13212
13182
13162
13151
13227
13216
13127
13165
13112
13247
13177
13133
13141
13197
13140
13154
13181
