68829
40190
68328
69836
41774
59311
68605
40218
40199
70499
40262
70029
40376
67319
40070
40128
40433
69259
60526
40286
68594
40671
40063
40447
40201
41150
67271
69244
71861
54839
40135
40185
40298
69035
40100
40020
67330
41123
40010
69486
66993
40154
40759
68650
40126
40081
69695
68376
70202
40620
59717
64467
57934
52997
68081
40164
41130
55900
68622
55219
40527
40896
42249
69529
68522
68216
70547
40205
43258
40158
49318
68559
42022
40035
68311
69062
67204
68754
70092
40376
40499
70578
67508
40054
44562
54462
69584
65245
40090
69124
40154
54119
40165
69003
54923
41558
68423
67951
70634
40336
