1464
1043
592
1478
1486
587
592
591
591
591
1469
585
585
586
586
592
586
586
592
586
585
585
586
591
586
585
615
586
586
586
586
585
586
586
591
585
586
586
586
591
586
585
617
586
586
586
585
586
586
585
591
585
585
586
586
586
586
585
586
586
586
596
585
586
622
586
585
591
585
586
586
586
585
1657
634
586
586
591
585
586
586
585
586
586
586
585
585
586
592
585
586
614
586
585
591
586
585
585
586
585
586
586
586
585
585
586
586
586
591
586
586
622
585
1658
586
586
594
586
586
586
586
586
588
585
