47005
47018
75965
47213
75462
71212
47015
75150
47026
47047
47044
47019
48010
47094
47139
70251
74246
74819
47032
56155
74948
47074
75985
74667
73250
75877
53910
47035
47057
47033
77792
47057
74535
47995
47211
56285
77500
76405
47030
75576
47064
47229
47170
47048
47058
47084
47122
47035
47121
76785
75820
47045
75183
47009
76242
46998
74443
76322
47097
76385
47031
47033
48216
47023
47005
47008
47008
46996
47033
47016
48623
47001
47012
47015
47012
76188
74867
47016
47017
47018
47010
74657
47009
76101
47052
47042
76818
46995
46998
75988
74728
76166
47005
46989
46996
76163
74540
76125
47048
47085
