10789
10422
10422
10432
10419
10412
10424
10386
10401
10439
10429
10387
10439
10426
10457
10393
10465
10379
10377
10375
10419
10572
10411
10403
10381
10418
10686
10431
10400
10409
10463
10432
10413
10410
10449
10424
10370
10391
10404
10400
10397
10397
10404
10422
10698
10397
10415
10467
10703
10407
10399
10368
10413
10534
10609
10470
10434
11262
10681
10393
10401
10386
10499
10382
10420
10383
10399
10434
10423
10440
10416
10396
10424
10385
10424
10390
10439
10434
10377
10418
10380
10367
10433
10391
10383
10451
10517
10429
10417
10454
10466
10477
10410
10395
10391
10460
10403
10442
10434
10365
