88674
89152
88169
62954
62384
86117
88354
62800
62041
62321
74696
91420
61718
61529
61465
61463
61460
61467
61466
61462
61455
61475
61457
61466
61460
61454
61458
61469
61458
61451
61459
61466
61455
61458
61470
61471
61461
61459
61457
61455
61459
61460
61461
61468
61456
61459
61466
61454
61459
61452
61468
61470
61462
61467
61475
61456
61460
61456
61451
61466
61452
61455
61463
61465
61472
61467
61479
61457
61464
61456
61467
61466
61451
61459
61449
61461
61457
61453
61458
61459
61454
61487
61466
61454
61457
61447
61461
61458
61461
61449
61450
61458
61455
61454
61465
61461
61455
61456
61467
61462
61459
61456
61467
61473
61446
61459
61453
61463
61453
61457
61456
61456
61464
62113
62052
62070
62128
88558
61498
62115
61693
61638
90548
61493
