10609
10610
10617
10634
10615
10604
10645
10594
10617
10607
10607
10603
10610
10647
4865
10606
10679
10706
10734
10594
10599
10659
10635
10683
10642
10747
10763
10660
10659
10717
10721
10670
10624
10667
10759
10633
10691
10620
10643
10648
10611
10615
10590
10628
10591
10666
10627
10647
10632
10639
10600
10626
10587
10633
10618
10597
10625
10624
10626
10600
10596
10602
10599
10704
10618
10678
10590
10590
10593
10643
10634
10647
10605
10618
10607
10607
10894
10629
10607
10644
10626
10611
10620
10647
10622
10642
10677
10664
10609
10603
10603
10594
10644
10613
10636
10610
10611
10609
10655
10589
