17052
18219
18314
18235
18217
18223
6515
18648
18938
18722
16441
6427
6571
16233
16218
16231
16201
16218
16198
16186
16211
16217
16220
16207
16212
16192
16202
16197
16235
16206
16179
16225
16209
16180
16194
16187
16189
16180
16202
16184
16224
16221
16171
16214
16169
16179
16177
16192
16162
16194
16175
16357
16193
16194
16230
16193
16209
16193
16172
16172
16173
16168
16170
16169
16194
16196
16191
16176
16219
16186
16186
16180
16218
16196
16210
16171
16215
16176
16195
16211
16199
16172
16187
16193
16179
16216
16175
16191
16205
16185
16195
16193
16180
16171
16180
16172
16232
16188
16199
16179
16204
16197
16203
16201
16216
16176
16178
16179
16196
16204
16196
16185
16196
6513
6497
6484
6477
6471
16080
16076
16076
16113
6474
6442
