11118
31562
32392
27578
21419
28103
11223
11907
11565
11600
11097
11551
27673
27727
27737
27695
27709
27723
27718
27718
27740
27713
27721
27700
27706
27698
27710
27720
27713
27716
27736
27699
27691
27697
27694
27707
27695
27718
27720
27722
27701
27697
27744
27776
27723
27772
27735
27761
27757
27765
27765
27754
27763
27763
27770
27739
27799
27731
27799
27861
27765
27728
27717
27730
27731
27694
27737
27726
27726
27717
27727
27729
27756
27729
27713
27727
27711
27705
27711
27740
27728
27692
27695
27690
27702
27715
27739
27703
27711
27732
27700
27744
27698
27773
27737
27746
27747
27733
27727
27757
27722
27725
27722
27721
27723
27743
27719
27748
27694
27724
27698
27698
27715
11187
11149
11187
11102
11079
30421
13042
27887
11143
11091
27551
