19925
19948
20758
9528
8115
8496
8179
8505
20325
20309
8169
8477
19857
19925
20034
19909
19922
19905
19904
19907
19936
19905
19919
19896
19917
19888
19894
19881
19914
19912
19916
19907
19912
19893
19893
19909
19902
19915
19905
19945
19914
19901
19921
19917
19876
19919
19927
19907
19886
19931
19913
19910
19910
19906
19916
19912
19893
19877
19899
19927
19950
19909
19919
19941
19925
19926
19927
19897
19892
19892
19913
19918
19942
19908
19913
19914
19922
19908
19914
19908
19893
19937
19923
19924
19912
19941
19936
19922
19910
19918
19904
19927
19879
19925
19910
19913
19913
19886
19889
19911
19893
19922
19909
19908
19895
19928
19907
19924
19885
19893
19893
19960
19896
22644
19789
22464
22449
22825
23161
22688
8815
19893
19766
19812
