31696
31742
31674
31967
32128
31921
31914
32080
32070
31910
31959
31744
31738
31690
31835
31702
31908
31760
31888
31829
31949
31956
31875
31781
31732
31725
31805
31770
32005
31726
31727
31818
31825
31768
31789
31860
31639
31796
31733
31808
31722
31715
31806
31986
31685
31713
31670
31730
31703
31795
31781
31739
32642
32153
31803
31851
31826
31729
31669
31768
31690
31875
31765
31652
31867
31816
31772
31862
31707
31749
31728
31793
31744
31783
31745
31753
31726
31640
31786
31681
31901
31759
32265
32590
31726
31805
31689
31718
31713
31655
31816
31713
31786
31775
31799
31711
31779
31675
31784
31767
