66098
66149
94914
93977
93483
65638
87632
93833
93890
92886
93396
90157
65591
65611
92617
93222
65896
93448
65536
65648
93669
65780
65541
65618
65609
92107
65671
65612
65642
65618
90665
65769
96195
95849
65708
90439
94374
74242
72047
68935
68224
91914
95106
68689
94434
67380
85917
68685
93134
66813
65957
66227
69726
69773
92956
70262
82891
87860
65851
101120
67517
93472
93093
65905
93748
67386
95349
78449
66137
66288
85757
72320
65866
94201
94540
66370
66312
93656
67217
68332
94824
96739
84259
66703
66273
67502
82455
65544
93941
94553
91302
65681
65651
94641
66580
89708
93312
66475
66619
66785
