96778
69856
96208
95979
69769
97718
94779
98726
97096
97147
97058
97399
96962
96569
97270
96756
97244
97337
96791
69685
69729
96048
99050
98185
96939
97167
97358
97261
97217
96768
97111
97219
94977
94071
98391
97228
98204
69751
69755
70068
70028
71254
100544
70003
70086
88735
88789
72294
70442
96004
93742
72690
97533
98928
98014
73156
94855
71767
72860
69928
98204
98334
98318
102155
96723
97800
92757
70057
69959
70571
70049
70466
98211
69938
98729
69760
71383
96152
69906
97998
96555
70270
70325
69786
86179
97035
97019
97475
106475
71276
94697
69709
97872
97553
98627
97697
98715
71588
92038
97802
