56075
54229
75499
54246
58862
55341
55642
83871
55098
76765
81448
54543
54025
54130
53852
53804
53789
53794
53800
53789
53798
53788
53796
53805
53787
53796
53793
53806
53809
53795
53794
53920
53815
53807
53800
53844
53827
53795
53796
53789
53786
53807
53807
53797
53790
53792
53828
53801
53788
53808
53801
53793
53792
53791
53794
53840
53796
53790
53790
53812
53787
53794
53799
53803
53804
53807
53793
53811
53832
53801
53797
53798
53789
53802
53793
53791
53799
53857
53819
53801
53791
53806
53800
54349
53815
53811
54129
53803
53796
53801
53791
53801
53794
53795
53788
53840
53783
53795
53808
53804
53823
53819
53814
53840
53824
53895
53817
53820
53819
53822
53812
53797
53800
55398
54594
54404
55174
54498
54633
54647
54270
53967
54196
84363
