8290
7997
7962
8093
7955
8260
7973
8006
7992
7980
7994
7951
7961
7956
8083
8047
8014
8033
7971
7959
8038
8068
7967
8116
7973
7984
7963
7962
8100
8335
8243
7979
8155
8024
8071
8124
7985
8071
7989
8134
7961
7985
8035
7952
7970
7966
7959
8025
7953
7960
7957
7966
7948
7954
8045
8091
7989
7990
8001
7986
7970
8008
8022
8049
7986
8019
7982
8063
8030
7992
8012
8001
8019
7984
8011
7993
8067
7962
7971
8020
8046
8036
8021
8003
7958
8234
7976
7985
7982
7979
7982
8021
7990
7976
8009
7978
3199
7977
7993
7955
