31068
57727
31120
56841
33534
59726
31035
31095
31054
31256
31017
31021
30997
30994
31102
30977
31153
31210
31445
39991
60353
31122
31265
31007
30989
58253
57915
31105
31127
31141
59296
60424
31123
58537
31055
31025
60110
31330
58128
58751
31099
59013
31080
59834
31030
31072
61947
60063
59644
30987
60286
59731
61833
60998
57647
31012
60675
60859
61083
52411
48634
31286
31019
31481
31312
31104
56415
60994
57028
59825
31482
31244
59598
31486
31126
54540
60512
31038
59342
60567
61247
57711
60419
60010
31081
58041
58757
59805
31158
58630
58041
31102
60029
57735
57706
31033
31083
59697
31032
30983
