70023
70144
43272
50381
43359
72061
43583
70710
72107
46915
74259
53153
43870
43256
72854
43260
43423
44145
71411
43344
43327
43283
43257
43264
43262
43254
43267
43262
43253
43253
43263
43260
43270
43262
43264
43253
43275
43265
43253
43254
43260
43259
43261
43255
43265
43261
43258
43255
43270
43262
43246
43251
43266
43256
43263
43268
43258
43258
43261
43257
43265
43260
43246
43261
43255
43261
43295
43275
43254
43255
43259
43257
43264
43253
43254
43256
43259
43268
43270
43278
43260
71895
71192
43263
43265
43265
43267
43258
43295
43263
43262
43260
43254
43263
43270
43293
43296
43283
43279
43296
43293
43274
43289
43292
43296
43291
43274
43302
43271
43283
43301
43281
43273
45332
44841
44911
44819
44126
43784
43739
43756
43822
43855
43257
