4232
4233
4223
4220
4219
4261
4218
4213
4219
4247
4256
4205
4274
4223
4217
4219
4215
4214
4210
4222
4216
4217
4213
4215
4210
4213
4237
4216
4211
4215
4215
4214
4246
4218
4216
4231
4222
4213
4216
4212
4214
4213
4214
4210
4220
4210
4219
4308
4214
4227
4224
4213
4215
4264
4247
4255
4219
4212
4258
4214
4234
4223
4219
4213
4216
4211
4208
4218
4246
4214
3491
2325
5183
4214
4257
4245
4217
4209
4217
4215
4216
4243
4219
4215
4222
4225
4216
4227
4215
4219
4214
4216
4237
4224
4213
4561
4219
4276
4228
4225
