57970
58249
58086
58033
58022
58191
58306
57995
57967
57962
57984
58029
88840
88377
58034
58063
58017
57995
58010
58013
58045
86639
58558
82129
84727
58023
57990
86531
84749
57994
57958
57958
57975
57971
87322
57985
58036
57985
57980
57973
57990
58131
57993
58005
58004
57992
57987
57974
57965
57973
57991
57990
57967
58148
58197
58010
58125
58011
58010
58022
57979
57990
57973
57973
57962
57975
57969
57994
57964
58000
57996
57983
57993
58032
58018
57977
86770
88075
57977
87251
57994
57968
86726
58218
58019
58013
87936
88443
57985
57990
57992
57987
58430
58017
88119
88776
58089
58021
58031
58046
