88334
88142
129210
89822
116281
87945
109352
89250
118460
118038
87668
87631
87617
87601
116824
113651
87574
114545
87942
112495
115518
115513
87546
87730
116927
116401
113973
117853
115481
88073
115564
114401
87555
87559
115500
116095
87859
88164
115184
116144
88506
112080
115557
88166
87643
120574
110508
87552
87793
87787
87690
114161
116240
92239
115309
117479
87737
87754
87566
87584
87648
87705
87604
87569
112292
120604
116827
106493
115575
117932
87871
88456
88985
96414
87964
116482
87564
116633
113712
124908
117112
88008
115150
89088
112371
106498
87765
110255
116661
87692
116862
88446
140446
89169
108919
117033
114967
87814
115084
117845
