50559
50529
80392
50564
50612
50524
50542
50529
77575
77862
50616
50595
50566
50565
79054
50562
50831
50633
50548
50560
50545
50565
50554
78821
78511
50551
50541
50532
50558
50623
50536
50597
50711
50543
50552
50546
50534
50555
50570
50552
50682
50556
50561
50568
50541
50535
50541
50536
50550
50539
51191
51140
50560
50645
50557
50646
50532
50539
50530
50858
50541
50547
50548
50543
50535
50535
50540
50535
50538
50523
50558
50533
50526
50529
81452
81006
79956
78306
50539
80101
50572
50536
50540
50545
78527
50611
50711
50548
50535
50534
50526
50529
50592
50544
50556
50542
50584
50535
50532
50537
