83567
62430
90947
88439
91400
89582
62035
61955
63090
61880
89723
62700
62789
61963
61893
90102
61899
61891
92188
91204
61893
61886
92035
92790
61877
61888
90896
90690
61923
61904
92834
92994
61898
61897
91054
88869
61930
61928
61905
61892
91575
92610
61893
61884
91606
92634
61900
61895
89323
61908
62050
91987
91625
61903
61896
90209
61903
61906
92205
90737
61909
61921
90997
61891
63041
62434
62105
62033
90945
61911
62023
61897
91788
61879
61895
89959
61896
61883
92481
92903
91298
61897
61889
92466
92796
91285
61881
61878
61875
61881
61896
61893
92012
61873
61911
91310
90201
61935
91403
90971
61892
61890
90301
90486
61907
89430
61898
61981
92178
61904
61921
61898
61900
61912
61890
61874
63878
90729
61906
61902
61908
61909
61934
61889
