75122
74574
100778
102065
100850
74531
102977
103580
104967
102839
74801
99159
74702
74536
99589
74643
74511
74420
74406
74443
75836
74599
74420
96416
101216
103386
74437
74418
74425
74422
74393
74399
74402
74395
74394
74391
74427
74444
74407
104710
102244
74395
74384
102001
101682
74411
74464
74464
74430
103865
74422
74538
74752
74391
103585
103058
74408
74419
104112
101758
74392
74397
74459
74537
74417
74440
74683
74414
101198
74443
74645
98664
100630
102527
102239
103617
102120
74387
74390
101532
74391
101683
103664
74394
74507
74412
74499
74416
74390
74394
74405
74384
74426
74431
74447
74393
74384
74462
74410
74799
