632
616
617
615
616
621
1540
1540
1557
1550
1549
651
649
615
615
615
615
629
615
616
616
615
615
615
616
621
615
615
646
616
615
615
615
616
616
1759
615
615
615
616
615
615
615
655
615
615
615
615
615
616
615
616
615
615
622
615
616
621
615
616
615
616
616
615
615
615
615
616
621
615
616
654
615
615
616
616
616
615
615
621
616
615
666
616
615
616
615
615
615
615
615
616
616
622
615
615
621
1740
616
616
622
615
615
615
615
615
615
616
615
616
615
1537
615
615
616
623
615
615
615
615
615
615
616
615
