124556
97882
113406
104213
98401
126682
103015
99811
99104
116400
126330
125647
99316
125738
126215
126898
126373
125399
125928
97813
124751
126100
97790
125451
125170
97801
125177
97803
97755
97768
126216
125275
125892
124374
97809
97759
127123
97767
125924
126182
97839
125410
124786
125014
125156
125161
124646
125002
125802
125345
125190
97816
124992
125129
124869
124806
124957
125117
125209
97813
125725
97782
125182
124980
97928
97818
125650
100133
126410
126270
126111
125639
124867
125040
125200
97914
125393
125005
125126
125235
125243
97819
125082
125187
97769
125875
97770
125318
125250
125290
124644
97774
125538
125349
97806
125191
124957
125956
125365
98456
97835
125182
97850
97836
97813
97849
97850
97828
97856
106342
97766
115995
101926
97803
97778
97775
97772
97817
97778
97842
109137
109957
97779
126401
