83399
83369
112238
83711
109383
83384
83394
83417
110026
83357
84772
87398
84917
83372
83360
83398
83367
83360
83368
83363
83369
83371
83388
83364
83353
83365
83369
83352
83369
83358
83363
83361
83370
83390
83380
83376
83353
83362
83361
83362
83357
83361
83356
83377
83360
83354
83378
83379
83358
83375
83418
83370
83363
83353
83360
83372
83365
83397
83382
83669
83389
103054
110199
83392
83385
83376
83441
83370
83364
83385
83365
83363
83372
83379
83356
83381
83375
83394
83452
83372
83458
83698
83364
83362
83379
83371
114300
113314
83401
83436
83409
83417
83402
83383
83380
83421
83401
83408
83399
83394
83382
83381
83392
83380
83406
83388
83397
83392
83372
83396
83386
83399
83376
83364
83380
83360
83417
83365
83360
83362
83351
83355
83358
83375
