29873
58302
29410
29955
29330
28481
44198
28579
46352
28493
28754
31326
59454
28361
28244
52248
58434
28315
28242
28243
28242
28236
28239
28243
28242
28314
28249
28245
28240
28232
28238
28235
28237
28234
28252
28235
28268
28237
28236
28241
28239
28244
28264
28237
28243
28240
28239
28254
28237
28235
28237
28268
28246
28327
28229
28248
28231
28250
28238
28303
28238
28235
28241
28237
28235
28235
28236
28236
28817
28250
28283
28244
28238
28247
28245
28567
28267
28250
28249
28252
28245
28251
28249
28241
28234
28270
28265
28285
28258
28243
28238
28239
28242
28261
28245
28249
28260
28246
28249
28244
28244
28252
58275
28245
28231
28252
28237
37959
57118
28241
28249
28237
28228
28466
28355
28340
28906
28621
57366
28523
28295
35926
28557
28246
