2419
2775
6762
6798
2439
2457
2400
2528
6768
2409
2749
2404
5910
6042
6050
6014
6025
6013
6009
6010
6009
6008
6059
6042
6034
6063
6013
6056
6014
6018
6010
6014
6011
6054
6005
6008
6005
6048
6018
6052
6036
6040
6041
6013
6011
6009
6011
6007
6004
6050
6040
6020
6037
6037
6019
6036
6013
6049
6009
6006
6005
6003
6012
6048
6041
6050
6040
6041
6010
6008
6036
6008
6038
6005
6042
6012
6039
6053
6050
6040
6045
6009
6014
6010
6009
6009
6033
6023
6043
6015
6060
6037
6013
6044
6011
6011
6008
6007
6005
6030
6027
6048
6041
6019
6015
6051
6036
6013
6012
6005
6013
6008
6003
5978
2384
2739
2393
2391
2426
2416
2387
2731
2390
5982
