111756
83640
107845
107834
86770
89321
106488
85897
83027
88541
84016
85622
84456
82888
111778
110361
82897
112046
110579
110561
82846
82854
111938
111098
82857
111786
110339
112917
110776
111744
110863
82871
109803
111265
82850
109904
112292
110428
111903
110447
82853
111939
110952
82847
111683
110666
109877
112443
82851
111886
110138
112065
110247
87549
111057
110066
112012
110993
82850
111650
110219
82864
82890
82923
110960
110723
112160
110599
112300
113600
111116
110660
83906
84929
106003
82863
82874
82858
82870
82855
82852
82864
82854
82872
82918
82872
82858
82850
82856
82855
82858
82859
82859
82864
82858
82859
112204
112952
82872
82870
82873
82863
82856
111669
110176
111900
110509
111534
110241
82867
82861
111954
111145
83404
83241
83617
83817
83554
83598
103662
83057
83398
83462
82875
