78852
77917
77118
50948
78800
76697
81535
66416
51747
50499
77889
50792
78388
50170
50192
50223
50205
50196
50204
50200
50191
50200
50189
50186
50183
50187
79507
79045
50181
50200
50171
50166
50172
50167
50157
50166
50167
50174
50174
50185
50182
50172
50171
50179
50158
50171
50174
50177
50160
50178
50171
50160
50161
50179
50163
50160
50167
50178
50178
50170
50176
50160
50195
50167
50179
50206
50183
50170
50192
50176
50158
50167
50169
50193
50172
50165
50162
50162
50173
50162
50186
50181
50180
50161
50164
50162
50162
50174
50186
50179
50169
50176
50166
50162
50184
50159
64166
51543
50192
50161
50152
50150
77834
50173
50166
50154
50174
50151
79321
50172
50715
50158
50153
50829
50815
51527
51038
77203
55314
50263
50682
51012
78610
50175
