78811
78824
78826
78841
78832
78858
80493
107910
107429
108018
79757
79865
80037
78857
78834
78816
80385
107231
78857
78866
78815
78819
78902
78804
78795
78808
108638
78832
107741
78859
78841
78847
78796
78807
78828
78812
78864
78826
78833
78813
78828
78802
78811
107774
106293
108802
78834
107781
78833
78843
108701
78825
78812
107499
78837
78806
78807
78833
78827
78825
78843
78832
78842
78818
78811
78816
78809
78803
107827
78817
78830
78824
109778
107611
106903
78812
78832
78835
78863
78807
78818
78813
78812
78809
78821
78811
78834
78811
78813
78813
78803
78807
78802
78798
78800
78807
78810
78813
78847
78805
78808
78806
78811
78800
78801
78818
78816
78822
78815
78810
78875
78827
78802
78814
78826
78815
78807
78848
78800
78803
78814
78802
78800
78867
