40329
40405
40374
40334
40333
40348
67657
40331
40656
68908
40438
68048
40360
40615
64418
67394
40329
40717
66480
67415
40450
40355
42724
67572
40360
40436
40345
40355
45968
68120
66881
40499
40621
69967
67017
56474
67130
69730
69697
40391
40436
40496
40401
41116
65532
40388
40511
40413
69211
53242
68371
66694
67714
40345
40333
44693
68944
40326
40337
40333
40339
40455
40335
40326
40323
40333
40320
40322
40325
40330
40371
40334
40334
40324
40404
40345
65532
40338
40353
40361
40336
40351
40337
40333
40482
40352
40360
40339
40325
67235
40406
40350
40358
40373
40377
40354
67527
70050
40385
40362
