28594
28564
28672
56773
56988
28529
28506
28523
57693
28515
28620
30620
28732
57844
40989
28509
42767
28505
42759
59061
28527
28518
28514
28523
28517
28511
28499
28513
28519
28512
28506
28508
28519
28505
28519
59637
58664
28526
28516
28512
28516
28513
28511
28513
28520
28513
28511
28510
28512
28508
28508
28518
28510
28521
28510
28515
28516
28515
28518
28511
28511
28517
28513
28505
28510
28519
28510
28511
28526
28524
28522
59148
58865
28516
28521
28521
28531
28515
28513
28524
28502
28519
28516
28513
28517
28580
28512
28519
28518
28513
60002
56412
41623
28518
39816
57835
28512
28513
28523
28513
28499
28514
28502
28516
28509
33070
57276
57380
28512
57031
28517
28514
28504
44193
39751
39733
39705
39882
39721
39745
56786
28543
28550
28549
