37249
65978
66384
37512
66061
37300
37417
37453
66022
37447
37645
38915
37804
37176
67279
66761
37188
37223
37182
37177
37184
37180
37188
37183
37186
37177
37180
37177
37184
67844
68855
37184
37221
37186
37182
37204
37182
37177
37200
37189
37178
37212
37223
37184
67181
68245
37184
37178
37194
37178
37174
37176
37177
37182
37186
37177
37199
65868
38772
38426
37213
37187
37186
37201
37174
37203
37178
37181
37180
37191
37204
37181
37373
37180
37175
37199
37212
37176
37188
37180
37180
37185
37252
37179
37185
37369
37205
37174
37176
37202
37176
37191
37179
37178
37181
37181
37190
66739
68456
37934
37185
37196
37198
37196
67162
37172
37250
37193
37207
37183
37430
37432
37320
37193
37204
37192
37180
37186
37183
37262
37183
37269
37205
66009
