109258
106059
105158
102911
102995
103695
103112
105609
109615
104089
106871
131784
116480
103538
124614
130676
129634
102274
102507
102300
102324
102369
102438
128398
102290
133054
132012
116688
117977
117003
129972
102420
132721
128767
131305
130333
102511
133326
132886
131075
129782
131567
130598
102284
129590
132860
131652
129751
132966
131786
117027
131484
131327
130718
132359
131282
118008
102261
131734
130987
131410
102253
117006
118158
118371
131743
117044
118077
102263
102261
131904
130374
102262
131383
130498
131558
117355
130629
130514
108636
117748
131164
129929
131507
118116
130718
117844
102276
118122
130658
130502
131000
118086
130499
118684
129224
132343
129909
102259
129222
102247
129690
102252
129063
102257
129476
102243
129372
102246
129322
102247
129678
133130
132836
123670
102349
123665
102524
131196
102755
102976
124602
127005
103622
