50291
50156
21026
21210
21008
21000
40953
48003
35439
50306
21434
46035
22965
21883
35531
23029
21017
47754
46005
20981
20993
20999
51404
48819
20998
49649
51654
47218
48463
21025
21025
46217
51352
44960
53521
21004
21113
41390
21019
49669
49330
21035
21084
21000
20982
43308
21010
20989
21021
47944
20976
52503
20981
21004
20993
20990
20989
20989
20983
20976
48789
21000
48024
21061
21027
21009
21044
21025
21251
21070
21014
21006
21074
21023
21041
21027
21013
21012
21006
21016
21024
21041
21006
21008
20995
48097
49198
20988
20974
20994
20987
20975
20997
20989
21000
21004
21040
21017
50024
21018
