81253
92673
81491
106430
79144
78628
78795
78844
78541
78740
78785
78366
104978
109390
78815
106828
78676
80577
107749
106897
108107
108878
80320
87180
81723
82162
78837
78591
78805
79754
79445
79503
78794
78841
79041
79171
78665
78956
108109
104772
78695
103840
109977
78635
81735
105130
78706
78553
80414
107509
106285
78693
78579
104943
80220
107614
79527
81529
78544
82380
94459
78593
107307
103253
78402
78399
78411
108758
112612
106854
79583
78512
78417
78444
106911
78362
78536
78378
78412
107841
103642
108650
79104
78377
78454
78408
107022
105732
90654
106882
79995
100129
78494
108346
107152
106169
106776
78357
78469
78383
