130694
132677
130999
103261
103083
129772
132148
120693
103362
131356
129616
130690
129785
130785
131510
132712
103146
102966
133475
132953
122966
130239
129588
133412
135143
129492
129178
129008
130888
129994
131426
130014
131632
102956
131797
131813
132602
130272
133250
131563
103039
131566
130080
131860
102917
131942
103156
102889
103505
130824
103027
131935
131732
131772
131130
133660
130742
131612
129944
131930
103031
131620
131706
117561
102974
131455
102917
103059
104972
131690
132261
128058
131381
129809
132532
132985
132415
131381
131022
131907
130639
103009
131883
103055
103038
131517
102905
131497
132205
103034
103007
131403
102905
102950
133717
132440
131041
130943
102916
129597
