26221
23134
26811
28121
24476
23395
15284
26613
13982
14023
23230
9356
9395
23278
23262
23317
23247
23279
23259
23266
23263
23275
23260
23258
23279
23306
23269
23260
23331
23247
23298
23280
23301
23285
23285
23310
23581
23333
23301
23285
23290
23282
23315
23287
23290
23252
24219
23245
23258
23263
23275
23285
23307
23300
23272
23292
23287
23268
23308
23296
23273
23283
23308
23286
23337
23284
23274
23298
23340
23346
23310
23262
23285
23286
23292
23461
23298
23325
23311
23292
23299
23289
23281
23294
23273
23297
23286
23298
23249
23276
23261
23295
23290
23308
23314
23280
23279
23282
23278
23288
24169
23289
23310
23275
23283
23286
23271
23312
23262
23258
23286
23272
23287
9287
9389
9263
9314
9313
9347
9351
9295
9321
9317
9238
