32116
32163
32283
32116
32126
32099
32102
32126
32114
32105
32109
32108
32114
32115
32140
32139
32118
32198
33395
34564
32098
32107
32106
32115
32379
32155
32086
32108
32190
32101
32186
32192
32209
32205
32360
32224
32562
32261
32154
32541
38275
32107
32134
32125
32134
32086
32128
32459
32184
32145
32098
32291
32251
32257
32309
32272
32146
32243
32156
32397
32139
32223
32093
32199
32183
32208
32223
32271
32186
32214
32240
32248
32108
32153
32150
32114
32085
32129
32105
32096
32470
32115
32107
30433
31875
32063
32239
32892
32269
32158
32142
32283
32284
32147
32145
32318
32095
32161
32092
32099
