97670
123962
123786
97289
125904
118357
125011
125781
126152
123822
98287
126784
98548
127332
97225
97233
97245
97223
97257
97234
97230
97222
97230
97244
97248
97253
97233
97337
97243
97234
97229
97238
97233
97247
97237
126535
127439
97231
97279
98529
97455
97328
125487
125976
125967
111999
97249
97387
125283
111302
125334
125687
123993
124600
125339
124684
125315
125323
126083
125199
125006
125154
125164
122798
127788
125873
123715
124572
124392
124951
125260
97228
125137
98582
125783
125483
124696
97226
125888
125377
125432
124688
124882
125145
128255
125198
125115
97259
126047
125173
125020
97220
126076
125485
124818
97317
125844
125486
124628
125051
125135
125182
125196
124696
125001
125230
125207
124698
125098
125155
124849
131605
121594
99804
97791
97883
97647
97585
97588
97601
120611
97718
97528
97243
