13371
13364
13363
13420
13459
13390
13392
13419
13400
13374
13410
13433
13439
13416
13401
13610
13399
13436
13422
13403
13448
13451
13486
13432
13463
13387
13445
13460
13476
13430
13453
13382
13598
13496
13536
13568
13497
13481
13660
13398
13398
13506
13417
13485
13446
13890
13376
13481
13642
13452
13509
13492
13490
13514
13427
13428
13383
13426
13375
7418
13395
13346
13313
13319
13369
13446
13444
13421
13444
13503
13731
13530
13535
13471
13543
13696
13951
13522
13387
6464
5320
5317
5524
13276
13305
13306
13290
13370
13324
13349
13323
13366
13392
13387
13396
13399
13396
13414
13415
13411
