1078
1083
2700
2700
2699
2707
2706
2703
2691
2689
2689
2690
2706
2712
2703
2768
2720
2720
2707
2708
2745
2723
2724
2722
2726
2771
2745
2708
2707
2712
2729
2745
2736
2727
2722
2727
2724
2709
2709
2747
2722
2721
2940
2745
2722
2721
2707
2707
2708
2769
2722
2778
2799
2730
2727
2714
2707
2708
2722
2725
2729
2723
2730
2723
2767
2707
2721
2709
2740
2728
2722
2720
2721
2726
2706
2706
2707
2726
2749
2762
2729
2724
2722
2712
2713
2707
2726
2723
2744
2728
2722
2722
2728
2716
2710
2708
2725
2722
2721
2726
