88051
88072
116809
88053
88067
88044
88029
88048
117588
88168
89424
89323
89474
88062
88055
88083
88072
88067
88105
88064
88071
88095
88063
88075
88050
88097
88125
88128
88059
88076
88070
88063
88061
88056
88074
88071
88071
88056
88092
88068
88082
88060
88051
88086
88072
88077
88094
88093
88059
88134
116647
116954
117528
88075
116187
116924
116217
117516
116445
114473
116233
117013
116727
118473
116474
117531
88098
115875
103635
115612
117733
116863
117936
116660
116873
117510
117741
116596
117300
116805
117476
117271
88080
116029
117050
117831
117038
117427
116851
117797
117211
117660
114634
116884
116619
116933
116616
117709
117283
117973
88074
115648
99218
116349
117102
116336
117068
117221
117651
116730
114627
116273
116824
88035
88025
88031
88055
88047
88049
88054
88039
88038
88157
88053
