63779
62081
62770
63057
34166
34179
63163
62052
34556
39919
63618
57322
34236
63283
34215
34287
34187
35217
56209
34217
64054
63071
34424
34183
34356
63332
64005
34325
60964
54351
34398
34483
34288
34281
61169
57280
34276
63987
34199
63369
34178
34167
34179
34254
62430
62514
62036
34189
34204
62554
34200
34167
34183
34179
34158
34190
34171
34179
62113
34187
34214
34196
34189
34194
61642
34163
34212
62540
34406
34181
34169
34191
34218
34217
34183
63594
34217
62747
34223
56636
64835
63361
34182
34173
34187
34201
34171
34192
34183
34175
34242
34172
34189
34160
34173
34192
34185
34175
34168
34172
