70138
70163
70137
70092
70122
70181
70122
98793
71134
100080
70163
70135
70112
70117
71013
70479
98643
97070
97671
70326
70349
95867
70388
70432
70225
98559
97532
70320
70157
70202
70140
70108
70139
70117
70136
70115
70175
70160
70124
70142
70222
70098
70116
70119
70200
70094
70225
70089
70086
70107
70093
70111
71114
70124
70102
99185
100665
100361
100887
70124
70075
70136
97783
70082
70118
70125
97723
70137
70107
70113
98021
70094
70095
98404
97354
70095
98217
70224
70125
70098
98670
70266
97584
70172
70140
70117
101241
99255
70089
98350
100015
70088
98499
100174
98305
70122
70123
70115
70110
70197
