43702
43701
43672
43650
43640
73080
55862
43620
43616
43607
43607
43606
43748
49692
43613
43668
43619
43699
72539
70700
45004
72914
71295
71849
71452
75270
43835
72724
43830
43966
43892
43873
43868
43929
70875
70024
43708
43703
43924
43820
71311
43690
54570
43604
43691
43639
43605
43622
43611
43613
43662
43607
43598
43616
43675
43611
43690
43618
43612
43609
43607
43618
43621
43668
43636
43642
43612
43742
43712
70395
43617
43618
43640
43633
43617
43632
43947
43649
72779
43619
43623
43604
43615
55539
73991
43640
43632
43611
43625
43610
43622
43613
43623
70739
73978
66898
43685
43687
72605
43628
