11903
7814
11717
19633
7782
19495
23668
7793
19461
11676
7974
19475
11968
22126
22015
22274
22029
22011
22137
22046
22016
22145
22080
22068
22116
22063
22094
19480
22013
22012
22193
22068
22153
22254
22136
22125
22024
22115
22083
22042
22014
22058
22028
22059
22046
22043
22072
22111
22073
21867
19666
19660
19695
19579
19581
19841
19750
19560
19577
19662
19621
19604
19609
19597
19572
19640
19619
19648
19624
19709
19644
19686
19732
19668
19617
19625
19583
19579
19804
19658
19577
21604
19675
19593
19686
19574
19622
19730
19557
19654
19648
19776
11323
19661
19663
19639
19675
19729
19628
19658
