41835
41879
41857
41822
41952
41895
41838
23168
23155
23165
23157
46883
16708
45545
16616
16620
16612
16638
16618
16615
16620
45182
16609
41655
45388
16861
16992
16851
16922
17834
16616
16807
16691
16918
16628
16628
16657
16639
16638
16737
16636
16636
16635
16655
16628
45433
45674
42616
25077
25130
23679
38476
41850
42089
23184
23206
45617
16657
16656
16719
16705
41783
42011
42105
42062
23243
23236
23330
46645
16769
16616
16654
16620
41889
41985
41861
41969
23195
23329
45002
46164
16622
16631
41538
41660
41856
41839
41836
41832
41821
41847
41903
41897
41848
41845
42094
40400
16637
16618
17101
