34224
34154
34196
34287
33924
64729
33892
34260
62225
34554
34387
34658
62114
33867
33873
33886
33912
33889
33861
33876
33871
33866
33866
33887
33881
33877
33871
33865
33868
33872
33885
33873
33864
33869
33864
33864
33869
33871
33870
33863
33870
33864
33870
33874
33886
33872
33864
33871
33874
33862
33875
33867
33874
33871
33860
33863
33863
33871
33873
33859
33902
33867
33863
33865
33862
33861
33884
33868
33864
62983
62750
33890
62185
33861
33866
34138
33868
33873
33873
33882
33860
33874
33875
33865
33868
33869
33865
33871
33876
33864
33864
33873
33873
33872
33867
33859
33863
33866
33894
33876
33868
33872
33872
33865
33872
33870
33871
33869
33912
33864
33870
33867
33863
33873
33947
33948
62293
33923
34069
33896
33965
34510
51977
33881
