120359
92869
92878
92888
92894
120113
92875
92916
123080
93115
94165
93624
94063
122440
120522
121353
121405
121606
120517
121393
120882
121634
121137
121001
120882
121769
120351
121273
121191
121468
120955
121091
120465
121546
120430
120788
120879
121301
121012
127917
121275
92901
92838
121129
120509
107621
122212
92890
92881
120669
92868
119418
92893
122055
120588
121510
120894
121895
120338
92853
122181
121159
121302
121243
121586
121048
121692
92840
121372
121486
92876
92862
92849
92859
92886
92967
92857
92859
92863
92884
92884
92852
92872
92855
92870
92860
92857
92860
92854
92852
92863
92935
92849
92846
92865
92852
92857
92868
92871
92857
92847
92875
92852
92855
92848
92843
92862
92851
92935
92874
122254
121114
121864
92837
92855
92844
92888
92918
93124
92884
92889
92854
92969
92907
