3275
3288
3241
3245
9175
3246
8204
3261
9175
9176
3238
4762
4866
8138
8142
8167
8170
8168
8141
8166
8163
8141
8165
8172
8164
8167
8157
8143
8160
8166
8194
8140
8165
8142
8168
8176
8143
8140
8167
8176
8144
8138
8145
8182
8142
8133
8162
8143
8168
8143
8183
8142
8166
8183
8187
8144
8136
8172
8168
8141
8181
8165
8183
8143
8177
8145
8142
8137
8140
8176
8171
8184
8154
8197
8162
8197
8155
8190
8167
8160
8188
8154
8200
8195
8178
8160
8137
8146
8155
8159
8157
8181
8144
8142
8169
8179
8148
8138
8175
8140
8185
8162
8171
8196
8168
8171
8145
8169
8153
8181
8165
8144
8172
3235
3579
3236
3280
3281
6664
4869
3282
8272
3244
8149
