5878
2353
5913
2322
6070
6113
2352
2359
5836
2351
2396
5821
2349
5850
5903
5889
5893
5853
5849
5874
5875
5842
5855
5877
5852
5887
5848
5847
5845
5846
5845
5873
5857
5885
5871
5847
5849
5848
5879
5863
5861
5896
5871
5876
5848
5849
5847
5852
5850
5862
5860
5858
5851
5863
5849
5851
5846
5878
5888
5878
5853
5852
5854
5846
5844
5853
5859
5854
5879
5885
5849
5850
5865
5855
5919
5852
5882
5849
5855
5888
5883
5842
5857
5896
5893
5848
5849
5850
5844
5849
5854
5864
5865
5852
5852
5850
5851
5868
5881
5858
5905
5849
5850
5908
5852
5844
5883
5879
5876
5879
5875
5871
5889
5917
2370
6156
2344
5905
2349
5935
5840
2851
6111
2327
