121354
92597
92943
94926
95255
122848
92949
123148
92541
92468
119753
118930
101815
110652
122492
113028
93096
123102
92933
93693
123416
123661
119130
114616
119703
111510
92399
120285
93246
93164
118592
120227
92768
118648
106184
92550
92575
122189
121729
116746
92860
92523
92439
92529
120372
92419
92460
120568
92719
92482
120827
92389
94392
92543
92399
119093
92561
92355
92389
92566
92501
96855
92434
120485
92411
92343
121329
121054
120453
92449
112250
92410
92416
119512
92322
119593
120631
92345
92392
120333
120750
92355
92397
120713
92369
92395
92424
119306
92337
92319
92330
92306
120933
92446
92422
120547
121277
94542
120110
92564
