31269
58894
31342
31296
31344
32051
46453
58919
31345
31332
31382
33609
31570
31279
31487
31280
60048
61973
61749
62300
31302
31319
31299
31286
31278
31271
31278
31275
31275
31271
31277
31279
31271
31275
31283
31274
31276
31274
31276
31274
31270
31286
31275
31275
31280
31280
31276
31267
31286
31304
31279
61363
57926
31288
31289
60873
59521
60819
50389
31398
31332
31361
31359
31493
31321
31447
31288
31270
31269
31278
31283
31283
31276
31297
31281
61216
60428
31293
31290
31291
31304
31275
31268
31278
31277
31277
31281
31274
31289
31283
31273
31276
62015
59983
31273
31275
31263
31271
31277
31270
31273
31270
31271
31275
31322
31272
31275
31274
31274
31278
31337
31274
60121
31422
60702
31281
31288
31288
31291
55982
31331
31278
31281
31297
