49739
49316
45258
18526
18620
43905
18626
18611
18666
46279
18529
27939
18621
27680
48983
32326
18534
46398
18541
26124
25805
25826
25858
47189
44314
18542
18532
18522
18513
45969
18583
45314
18513
18518
18520
18636
18574
44852
18551
45033
18817
18553
18519
45707
45733
49045
19951
18781
19414
18903
18894
18986
18875
18816
18545
45092
41493
18889
19078
45355
18609
45556
18535
46162
18518
39888
46517
18634
45207
28071
27782
27566
25823
25811
25798
47215
18533
18534
18569
18555
18708
18546
18514
31663
49550
18550
18523
18520
18554
44297
48934
18714
18655
18645
18635
18610
34275
45515
18539
18552
