82865
54199
82884
54217
54319
54389
69112
61061
60511
54250
54220
54447
54244
54228
54208
82316
81011
54211
80039
54472
54411
54302
54377
54320
54193
83359
54251
54264
54226
54443
56483
54210
54202
54202
54202
81684
54204
54643
54207
54247
54196
54203
54221
54244
54368
54302
83774
54224
54212
54205
54215
54226
83586
54216
54215
54236
54219
54202
54202
54184
54183
54590
54210
54217
54189
54190
54193
54191
54184
54181
54190
54237
54187
54229
54195
54200
54193
54219
54199
54477
54239
54249
54196
54192
54189
54186
54188
54206
54187
54208
54191
54316
54224
54200
54201
54185
54199
54595
54187
54212
