27287
27394
27342
27375
27426
27905
33787
15178
33815
27311
27727
27316
27789
27648
28581
27406
27390
27362
27580
27408
27426
27396
27395
27438
27857
27357
27446
28035
27376
27537
27403
27308
27395
27341
27425
27323
27448
27349
27318
27476
27353
27420
27302
27383
27382
27351
27719
27301
27554
27342
27396
27363
27403
27342
27344
27390
27528
27392
28272
27364
27381
27361
27556
27329
27375
27387
27465
27649
27449
27384
27441
27450
27613
27503
27356
27321
27370
27331
27400
27390
27431
27516
27380
27462
27279
27345
27440
27353
27437
27361
27408
27403
27310
27346
27406
27462
27475
27432
27415
27448
