16556
16488
16510
16639
16504
16665
16650
16659
16648
16654
16644
16481
16654
16629
16519
16525
16517
16671
16611
16621
16602
16646
16675
16565
16628
16540
16541
16731
16611
16514
16489
16561
16587
16615
16599
16662
16739
16681
16691
16643
16625
16589
16563
16698
16609
16579
16543
16570
16535
16580
16511
16497
16508
16491
16556
16511
16501
16554
16613
16572
16560
17188
20987
21158
6863
7107
7859
9819
9844
9835
9831
9820
9837
9831
9815
9297
9132
9133
9130
9115
9130
9132
9131
9117
16385
20112
9124
9116
9123
9132
9123
9221
9129
12283
16547
16520
16531
16519
16534
16507
