23384
23366
23370
23369
42798
32548
32551
32608
32553
51032
23767
24092
23478
23371
52923
43268
25962
25908
23382
23363
23367
23382
23385
23369
23422
23370
23402
23373
23372
23363
23373
23362
23373
23383
54079
23420
23360
53276
23370
23368
23398
23365
23369
23367
23370
31852
23359
23365
23365
23371
23380
23379
23375
23389
23379
23363
23371
23383
23371
23369
23372
23440
23370
23463
23402
23376
23373
23370
23408
23378
23403
23397
23375
23372
23398
23505
23460
23500
23382
23439
23441
23464
23439
23535
23404
23372
23388
23380
23389
23376
23386
51208
23366
23375
23377
43242
51546
23383
23384
23411
23366
23372
23391
23380
23369
30347
52439
23363
51077
52345
23392
23359
23370
53389
23513
23477
23518
51609
23650
23395
54207
51567
23723
23695
