56942
26145
49448
26075
51532
26271
25899
25896
53029
55534
53133
26530
26367
25876
25885
25873
25895
25889
25879
25882
25908
25901
25878
25871
25882
25877
25876
25874
25870
54649
25890
54109
25890
25871
25916
25868
25866
25876
25874
25869
57117
54870
25876
25867
25876
25871
25871
25864
53871
50219
26036
25878
52625
25869
25865
39524
25865
55085
54392
54260
54230
53561
54146
53380
53853
53995
25871
45924
55113
25879
25876
28491
54540
25891
25877
25878
25883
25877
25876
25876
25874
25876
55837
55256
25861
25868
25862
35716
57771
25868
25869
25883
25865
51011
57025
53139
25865
25876
41985
52893
53576
53877
25869
25895
25871
25868
25877
54501
54245
25867
51307
47074
50059
26404
26122
26061
54697
25898
25882
55600
25887
25880
25927
25894
