65927
65922
90178
66011
95072
65981
65999
66086
94698
66066
94023
92191
66809
65930
65948
65942
65939
65921
94948
66094
65981
66272
66028
93288
94854
65988
65965
65998
95732
65930
65930
65916
65928
94868
66000
66061
65932
95363
65922
65927
65923
65931
120344
66074
66043
65951
65980
65954
65993
93152
65936
65923
65915
65918
65916
65923
65923
95284
65928
65959
65930
65935
65931
65936
65920
65947
65918
65933
65921
65943
65925
65959
65950
65940
65919
94284
96119
65929
65921
66030
65925
65921
65916
94827
65925
65924
95000
65925
65930
65915
94731
65923
65940
65919
94214
96658
65955
66019
65931
65974
94434
66333
66135
66188
66035
66112
66005
65924
65937
65965
65994
65930
65948
65969
65955
65930
65945
65929
65936
65921
65919
65918
65927
65945
