4225
1614
1631
1677
1639
1616
1757
4050
4063
4049
4336
1616
1653
4078
4076
4074
4069
4136
4068
4077
4075
4073
4101
4104
4076
4133
4079
4073
4077
4073
4071
4087
4076
4077
4076
4072
4078
4086
4079
4133
4077
4129
4081
4075
4078
4077
4116
4071
4072
4068
4081
4072
4080
4082
4113
4084
4066
4078
4073
4074
4098
4107
4079
4070
4075
4075
4088
4102
4118
4076
4114
4101
4076
4074
4074
4117
4074
4074
4128
4073
4081
4075
4108
4074
4125
4072
4084
4118
4074
4122
4077
4075
4123
4085
4068
4120
4082
4121
4075
4073
4115
4093
4072
4073
4110
4072
4075
4072
4122
4073
4084
4106
4072
1645
1668
4052
1615
1616
1621
4056
1647
1614
1648
1647
