43020
18761
18751
18805
45411
28172
28151
46289
47071
18763
49561
19475
18820
18721
18723
18735
18728
18742
18727
18730
18727
18726
18727
18720
18726
18720
18732
18743
47932
46333
18727
18740
18726
18733
18731
46870
24971
26098
26096
50178
28092
18722
18741
46936
49689
31176
46293
18737
18720
18732
18738
18736
18734
18743
18739
18740
18724
18732
18732
18751
18723
18729
18721
18734
18736
18720
18733
18726
18730
18731
18727
18819
18744
18721
18732
18728
18730
18721
18728
18816
18746
18736
18719
18725
18752
18731
18731
18725
18716
18721
18728
18740
18733
18753
18747
18733
18778
18785
18738
18734
18737
18731
18739
18741
18734
18736
18723
18740
18733
18734
18758
18736
18732
19042
18953
34176
18789
18903
26165
26196
45372
18818
18988
49997
