72978
46654
47314
46886
75078
46697
47339
46932
75689
46885
75654
46911
46776
46637
46809
46752
46696
74007
46705
46771
46753
46738
46759
46901
46679
46730
46698
46685
75585
46729
46680
46724
73414
46830
46780
46898
46807
46811
74818
73743
47163
46793
46741
46821
46872
46841
46690
46660
46678
73976
46828
73555
75800
46702
46793
46834
76374
46869
46693
73428
46729
46725
46660
46776
73205
61434
46715
46648
77341
77242
46748
47017
46768
74900
46688
46662
46828
46845
73383
46938
75605
46667
46761
46697
46776
46786
46657
46642
46646
46694
46664
46661
46660
46661
46686
73797
46697
73523
46667
46880
