41243
14678
14634
36975
38043
43446
15682
38751
32755
37170
36628
36865
14705
36796
36826
36854
36799
39442
40064
36802
36780
36750
36743
36776
36783
36792
36781
36773
36784
36767
36748
36754
36783
36743
36747
36781
36789
36749
36755
36749
36774
36809
36807
36783
36769
36765
36773
36749
36744
36766
36775
36771
36765
36775
36749
36775
36770
36749
36752
36794
36805
36775
36737
36759
36779
36776
36764
36825
36808
36781
36755
36772
36771
36771
36778
36770
36779
36768
36860
36742
36997
36782
36790
36775
36777
36772
36772
36778
36751
36762
36774
36749
36733
37010
36770
36767
36788
36792
36771
36770
36752
36749
36739
36739
36778
36756
37012
36905
36774
36770
36768
36773
36774
14831
14709
36650
41330
14995
14906
14945
35835
14771
15104
36534
