46159
22868
22855
22871
22852
22871
22876
22882
22851
22860
16626
16488
40498
41285
41334
41289
41425
41283
41303
41525
41302
41329
41320
41348
41302
41268
41310
41293
41293
41308
41308
41279
41306
41294
41351
41302
41320
41310
41281
41344
41283
41358
41321
41309
41341
41328
41291
41333
41345
41341
41381
41382
41338
41304
41288
41314
41515
41389
41321
41317
41330
41380
41539
41522
41366
41341
41500
43945
22871
22888
46481
22905
16417
42000
16406
41514
16400
41634
41302
41362
41341
41290
41488
41355
41279
41329
41350
41350
41278
41307
41277
41314
41288
41285
41327
41288
41377
41285
41320
41354
41687
41348
41300
41339
41347
41481
41393
41304
41283
41349
41316
41365
42968
16530
17142
41125
41131
17136
17075
17709
17403
17384
17152
16422
