23682
23705
23665
23694
23687
23681
23670
23666
23671
23671
23651
23660
23681
23670
23655
23677
23775
23654
23707
23702
23740
23665
23646
23676
23770
23991
23700
23668
23736
23838
23689
23671
23670
23670
23660
23666
23659
23643
23665
23713
23670
23728
23762
26468
23810
23739
23689
23704
23672
23649
23641
23675
23673
24091
23643
23698
23720
23720
23710
23804
23773
23692
24721
23647
24274
23776
23796
23792
23931
23745
23692
23657
23680
23645
23677
23675
23654
23698
23679
23714
23666
23638
23692
23653
23667
23680
23650
23732
23685
23662
23664
23707
23684
23694
23688
23684
23691
23662
23636
23647
