20775
49832
49847
20785
20915
47660
20816
20834
20888
20864
20796
20808
20810
20808
41932
20806
20919
20797
20803
20865
47629
48823
50572
20761
20783
20909
48295
48884
20821
45410
20801
36939
21269
51132
20950
46482
20815
51124
20778
51784
41306
20759
20816
48450
20825
49654
20763
20781
49706
20776
20834
20802
20833
20850
48757
20823
50190
20889
20801
49413
20806
20809
20857
20778
48420
20767
47736
48848
20786
48113
20968
49737
45603
42526
20824
20768
20779
20767
42826
49298
20759
20776
20763
20779
20767
20789
20763
20769
20788
20789
20769
20771
20786
20790
20767
20767
20827
20784
20764
20786
