32235
32207
32224
32289
32475
32521
44850
23140
50789
44372
23130
23558
23406
23133
23129
23126
23143
23130
23124
23199
23162
23125
23126
23120
23122
23127
23119
23140
23125
23138
23132
23129
23130
23128
23120
23119
23134
23137
23148
23137
23144
23126
23164
23124
23128
23119
23120
23138
23126
23124
54370
52121
23288
23136
23125
23194
23125
23127
23131
23129
23149
23128
23168
23116
23118
23120
23125
23127
23125
23127
23128
23119
23185
23127
23125
23119
23219
23124
23178
23131
23135
23126
23125
23124
23125
23127
23201
23129
23125
23126
23126
23117
23132
23139
23127
23126
23208
52084
51350
23153
23123
23121
23120
23125
23130
23126
23124
52199
23127
23122
23161
52857
23120
24415
24435
25018
24709
24172
23819
23552
23243
24016
24153
23135
