59059
37248
57380
37302
65088
48661
65648
37256
65800
37040
65658
37391
37134
36872
36869
36864
36871
36867
36868
36866
36878
36875
36865
36862
36872
36881
36889
36873
36966
36869
36872
36871
67181
64294
36910
36877
36884
36898
36871
36913
36900
66797
64869
36865
36861
36867
36866
36871
36865
36924
36868
36875
36867
36862
36881
36866
36864
36864
64160
65861
36896
36887
61107
36871
36871
36881
36885
36868
36872
36876
36866
36881
36871
36876
36900
36879
36872
36880
67183
65912
36873
36867
36862
36864
36868
36869
66468
36863
36862
37295
37413
64664
36883
50397
36956
36949
36921
36989
36983
36936
68041
65494
36886
36885
36878
36875
36876
36873
36883
36894
36884
36880
36875
60449
38921
39725
38821
39497
40268
39810
39074
39224
39440
36872
