99393
61964
57779
59742
59258
74946
84238
59489
60148
58517
88789
58403
57761
57565
57561
86629
57555
57554
57567
57585
57569
57570
57561
57564
57565
57569
57558
57561
57560
87034
57552
57565
57559
57568
57566
57563
57558
57571
57580
87129
57565
57569
57567
57584
57564
57575
57558
57573
57564
86703
57570
84333
57558
57570
57574
57564
57560
57565
57564
57562
57558
57565
57569
57568
57558
57560
57563
57568
57558
57556
57580
57557
57577
57556
57561
57563
57567
57556
57561
57563
57570
57561
57564
57569
57574
57567
57555
57570
57572
57559
57570
57582
57556
57555
57604
57592
57582
57590
57568
57559
57567
57562
57567
57562
57574
57580
57577
57567
57563
57578
57570
57559
57564
58265
57951
58215
85863
57875
57892
58074
57724
57773
58028
86710
