5922
5606
6184
6116
6697
14342
15138
14766
14493
15606
5906
5948
15187
14851
13947
13976
13947
13987
13991
14248
15510
14984
13983
15748
13941
13939
14628
13985
15194
14039
13957
13995
13992
14083
14272
14312
13970
13985
13976
13971
14003
13986
13966
15259
14734
16049
13974
13955
14030
13986
17990
13988
13982
14029
13980
15236
13964
13958
13971
13961
13982
13959
13984
13990
15309
13989
13965
15723
13978
15270
14001
16052
13997
13984
14781
14573
13977
14126
13981
13984
13946
14005
13992
13989
14004
13948
13973
13952
13976
13980
15201
14273
15244
14011
17295
14001
13982
14266
15144
13964
13971
13999
13971
14159
14003
14100
14205
13976
14090
13970
14817
14385
13993
6423
25065
13355
7039
9745
7972
9290
9158
5826
7234
5544
