486
487
602
654
658
558
487
641
478
1321
1354
488
1198
1543
1222
1203
1614
1202
1223
1202
1651
1202
1259
1611
1613
1200
1354
1202
1201
1217
1201
1205
1201
1259
1202
1613
1246
1584
1202
1650
1613
1215
1612
1200
1202
1599
1201
1614
1200
1518
1201
1202
1220
1627
1201
1203
1218
1213
1202
1347
1201
1199
1201
1217
1612
1203
1238
1202
1611
1611
1321
1202
1202
1212
1201
1613
1611
1215
1201
1201
1200
1502
1613
1612
1201
1217
1201
1201
1215
1203
1203
1237
1202
1202
1202
1258
1612
1200
1216
1201
1201
1214
1605
1201
1200
1213
1201
1613
1200
1247
1611
1611
1201
1195
1194
1360
1195
1203
478
1604
479
497
641
1372
