25815
54717
26009
25959
55052
25812
25860
25791
25801
25889
26023
26226
26011
26111
26053
25919
52656
25802
25855
25822
25802
25883
25976
26003
25882
26050
25925
25902
25920
25923
26000
25902
26038
26078
25892
25895
26199
25986
25991
26082
25858
50129
26101
25886
25877
55179
25997
26587
25998
55114
26399
25975
54611
25785
25821
26110
26264
26334
26060
26400
25894
25891
25913
25916
25867
25871
53637
54704
54976
25932
52421
25898
55168
46150
56109
25928
54497
25899
54661
26166
25851
25798
52638
25866
25929
25923
56597
54901
36494
53669
25826
25887
54806
53506
25798
25779
25786
25792
25834
56201
