59767
34443
34760
34441
34648
34428
60056
34938
34499
34890
34577
35427
37123
34767
35346
61843
63707
34575
34655
35232
51753
62595
62276
64852
34524
61607
61662
52149
62403
35189
45122
62748
34429
51019
34661
62314
62772
35367
34687
34799
35356
51141
50183
46919
35237
34414
62256
63354
53143
46187
35066
34426
35139
64102
37063
49859
34839
37759
41373
63221
34490
44937
49727
34505
63150
34933
34438
34446
63410
61137
47746
34635
34496
43166
63278
63970
35555
60999
52526
62282
61378
34480
34451
63162
62595
37834
35082
34552
61768
34479
55260
49179
57381
61944
63826
61391
61270
34480
37417
63117
