31198
61137
57362
31372
31290
31497
31271
51202
31292
31324
31289
31250
60581
59092
31213
31221
38514
60024
31236
31230
58326
31213
31213
31223
31226
31582
31216
31251
59674
55741
31193
31201
31209
31201
61680
61487
31266
31332
31337
31259
58040
31323
38719
59976
31502
58070
60342
31246
31263
62544
61743
58654
58511
60293
31191
31250
31559
31529
46660
31312
31476
31316
58633
59957
31330
31188
60543
31315
31293
31690
31552
31449
31394
31333
31396
31293
59043
59990
31336
31212
31205
60108
59169
31246
31267
31286
31371
31282
31267
31215
31280
31200
31220
57388
31201
61653
61515
59692
60736
31231
