70674
97587
70970
70865
99213
101187
98578
71560
70649
70622
95608
71532
71017
100067
71670
98904
98667
96911
70663
97981
99621
70765
70767
70655
100080
70907
91179
71836
98111
70641
70665
98854
99468
70621
70615
70615
97057
70726
70693
99682
70670
97732
70849
70910
98940
70920
70636
70606
99571
70735
70703
70945
70689
73293
82726
96899
70835
98351
99713
79691
92001
105860
100730
99033
98113
105044
84303
95762
96296
92272
97967
98981
98065
97315
100132
70713
97666
102355
99864
99145
98275
99478
95319
99138
98401
70734
97526
99639
100405
98109
70719
97638
99460
97829
99419
104837
72609
98106
97185
70869
