11101
11324
11094
17013
11877
18902
34336
17874
20279
12092
11138
11398
30896
27909
26806
26630
27919
26508
27927
26613
30176
27938
26715
27078
28296
26619
27918
29730
26613
27248
28013
28007
26623
29226
27847
29590
26620
26890
27843
27249
26752
27449
26523
26663
26625
26750
26659
28258
26686
26616
27961
29121
26603
28343
30375
27902
27937
26610
27645
28853
26493
26652
26730
28338
26632
27974
26699
26606
29028
27801
27198
27477
27873
26940
27682
26639
26535
26636
26738
30096
26659
28041
26733
28418
26522
26514
27460
26829
27879
27021
28795
26604
26598
28071
29203
28762
26630
26629
26632
26716
26492
26792
26580
27903
26614
26645
26504
26680
26658
27974
26658
27010
26597
33120
14690
15242
20018
15559
13150
16467
34166
11621
32646
30465
