7254
7612
7484
7003
16069
6359
6490
7190
7456
16882
6402
9505
15616
15522
15530
15508
15605
15506
15661
15547
15520
15539
15534
15502
15532
15528
15808
15513
15529
16737
15580
15530
16805
15531
15661
15923
15528
15532
17047
15516
15544
19298
16787
15509
15500
15509
16749
16791
15533
15541
16016
15518
15512
15528
15503
15490
15540
15527
15528
15751
15594
16326
15532
15839
15519
15573
16726
16882
15509
15544
15538
15532
19058
18075
15493
15528
16645
16126
15555
16947
17983
16902
16290
17530
15529
15541
16788
18116
15509
15501
15544
15566
15563
15585
15546
15634
15596
15527
15595
16829
15584
15534
16772
16793
15522
15507
16734
15532
16785
16253
16039
15558
15503
6799
7494
6771
6792
6943
6941
8834
8734
7425
20594
15413
