45009
29528
29454
59584
55610
28915
58771
52788
28707
29392
29422
29825
57313
58987
29185
43399
29148
28813
42823
57534
28725
28947
28819
37804
59135
28720
28731
28817
28879
29129
28792
33642
58474
29145
29029
58301
28874
28760
28721
38795
40234
60174
57912
29165
28798
57789
28910
28960
47490
29258
34893
56108
29004
28760
28753
55569
29112
28963
28932
28756
48705
57748
57614
28723
48718
49623
28771
28752
28763
29010
28737
28734
34785
58572
56697
29075
28739
29683
57056
28730
28880
54584
28865
28717
57893
28719
31770
29024
58216
29453
29074
31649
56769
44419
56407
57059
28805
29247
57408
60535
