21539
20343
7519
7239
7294
18910
19879
20184
18714
17904
8105
7533
13140
9936
20281
18267
20279
17976
19293
19327
18700
19362
18448
17979
18813
17942
17949
17946
19728
17941
17936
18129
18476
17932
17906
17997
17914
21977
17956
17989
17936
18221
17918
18120
18877
17909
17953
17911
17940
20174
18894
18067
17960
17956
17937
18123
18041
18243
17906
21062
18797
17904
17911
18132
17935
17955
18063
17914
18032
17996
17920
18141
17929
19130
17960
17939
17934
17936
19326
18498
18086
17961
18176
19967
18092
18081
17931
19576
17968
22750
17958
17924
18022
18029
19121
18419
18968
19436
18086
19790
22889
18093
18086
20622
20653
18028
17946
18298
18027
19314
17966
17909
20403
20594
21489
8337
18210
21457
20662
22050
22632
21843
23145
21637
