23632
23480
23552
23533
23730
23423
23609
23713
23673
23661
23618
23507
23536
23763
23559
23574
23547
23545
23676
23680
23639
23610
23596
23556
23476
23464
23496
23444
23445
23572
23474
23619
23500
23738
23544
26442
26382
26405
23833
23792
23947
23754
23670
23548
23576
23576
23583
23656
23663
23531
23559
23676
23519
23504
23518
23609
23544
23505
23580
23672
23763
23808
23718
23688
23779
23737
23905
23662
23762
23654
23668
23754
26648
23535
26404
26459
26326
26456
23574
23665
23518
23589
23545
23465
24649
23485
23552
23550
23709
23647
24866
23480
23635
23629
23572
23657
23576
23726
23656
23506
