2381
6654
5885
5863
5885
5864
2339
2336
2343
2348
5883
5888
6730
5857
5857
5910
5855
5865
5903
5913
5901
6043
5900
5902
5910
5887
5897
5890
5986
5884
5898
5899
5954
5932
5925
5907
5891
5890
5897
5926
5899
5900
6136
5927
5922
6145
5945
5891
5900
5928
5894
5900
5893
5905
5930
5914
5899
5903
5890
5896
5889
5908
5886
5964
5902
5912
5897
5924
5893
5907
5889
5894
6015
5882
5893
5901
5898
5897
5918
5903
5906
5902
6023
5885
5931
5905
5939
5899
5947
5925
5892
6061
5890
5884
5885
5895
5948
5920
5903
5918
