75072
103546
105041
104681
87320
102528
75063
102563
104022
102296
104279
102845
103604
103068
93027
75430
102716
104277
102038
105485
91983
75662
106018
104341
104238
92164
102195
104075
104581
106972
76773
100039
102810
101203
101479
103754
107031
106026
76606
102529
103353
102192
103750
102724
103920
75073
75290
103642
102201
105835
99694
102602
104346
75347
75017
104138
104248
104559
103484
103601
103890
76189
100586
103375
102213
102164
104461
103565
103948
75241
75317
74939
76148
75054
75365
102254
88923
74924
95983
104203
75165
107872
103240
75325
75521
75046
74961
75415
102564
75371
75312
75508
75570
75629
75388
75848
75557
75322
102105
98161
