37315
37193
37268
37157
37164
37322
37384
37181
37243
37402
66335
43627
37099
64509
37226
37516
37176
37196
37157
37423
37272
37188
37178
37343
37117
37218
37194
66181
66933
37182
37170
37108
67850
68849
37252
65631
65857
65657
37485
37246
37327
66511
37456
37266
37269
68388
67172
66227
37210
37479
37281
41142
37706
37547
37651
67222
37201
37293
66337
37264
37367
64368
63029
37386
65223
37122
66340
63499
37208
37112
66317
59255
37111
66026
37484
37140
37318
63818
37318
37142
66170
37158
63922
37184
37151
37121
37114
37103
37135
65931
37234
37164
63117
37335
37307
37525
37313
37101
43476
64881
