18058
15743
19660
17681
14238
15384
14095
33618
14945
14165
33414
18018
26961
35765
33173
34452
33179
33220
34457
34606
33114
33156
33221
34492
35678
34480
34553
33190
37288
34397
35562
35703
33148
33843
35707
35630
35120
37225
33209
35721
33132
33146
33144
33195
34514
33346
33277
34394
33192
33194
38217
34418
34455
34487
33130
33161
35676
33145
38277
35685
33171
33129
34595
35169
33604
34377
34449
35783
33197
33103
34390
35713
35711
36414
33197
34396
40148
34511
33113
33134
33148
35744
34435
33110
33206
38248
34432
33216
39499
33171
39626
34370
33137
37009
34392
34415
36996
34417
35652
33160
33145
34435
33137
34156
33116
33158
34529
33356
33229
33837
33124
33119
33187
13288
13383
13298
13783
14701
13352
13514
15231
13686
14295
37014
