24149
21897
49280
43722
19151
21415
22193
20885
21753
20763
19561
25193
21714
18674
18654
18634
18615
20011
18630
19042
18643
18639
19983
18625
20002
20012
19371
18621
19957
49234
45854
24488
50804
44980
27936
18892
28018
18712
27955
19768
29133
25944
51080
29416
18665
27426
48340
46122
18696
18861
18635
18621
18634
18631
18631
18631
18625
18653
18675
18693
18636
19796
18640
18633
18642
18638
20902
18663
18630
18686
18665
49797
46613
18635
45925
18633
20022
19872
18691
46787
49974
45841
18673
18774
18771
18644
18638
45800
18746
18690
18673
18709
18626
18674
18631
18711
18624
18635
18639
18707
18633
18713
18639
18711
19843
18687
18627
18627
18638
18630
18624
18731
20019
46916
19171
49147
53677
32086
25524
18828
21068
18990
18655
19065
