44068
44092
44163
74141
61346
43946
72384
43953
44055
44007
44050
44005
44726
71077
44073
56303
44025
44119
44126
44106
44204
44246
44252
44674
44419
44198
44284
44202
72607
44121
47670
43984
73116
44131
44241
44192
72145
44431
44488
44474
44445
70770
72404
44063
44482
70501
44137
44348
44711
44158
72802
73069
73245
43944
44152
44051
43978
44214
44015
72689
44103
44220
44275
44055
44327
44398
44134
44447
44142
44331
44094
44207
44288
44226
44248
44242
44242
44392
71067
72616
45018
44083
43991
43923
43936
43966
43933
72725
44103
72300
44099
43936
44001
44013
43976
43994
44010
44200
71520
44274
