88849
62458
90548
91991
61884
90919
89430
90227
62153
62207
62252
62192
61917
62202
62072
61936
62057
61935
62480
62044
61986
62166
91516
88547
62021
62447
61998
62020
90063
61875
61867
61859
61857
61859
61915
91425
92300
62210
88656
90871
62046
91960
93077
92257
90128
91801
92609
91286
61955
62063
62991
62023
61887
90516
61907
62014
90123
91604
92712
88437
91395
61884
89847
62235
89933
61985
61962
62103
62009
61897
90713
62006
92185
89987
92537
90162
62137
89770
61941
62305
62025
61874
91091
89595
83678
61871
89163
61937
87752
89942
89164
91400
92044
90979
61948
90047
61968
90388
89604
62032
