119980
94010
120548
121386
119722
94231
121119
123106
94404
93995
93893
94416
93721
93697
93793
93891
123610
122351
121903
93709
121358
123223
123579
119794
93566
116672
119089
93573
120597
120841
121451
118587
121542
121480
123714
122222
121587
120970
122049
98517
122743
121398
120829
121358
121205
120476
121129
93642
121689
124175
124444
120563
121094
121217
93690
121043
121335
121133
120704
121213
121205
121065
124404
120447
122089
125040
122701
121834
121396
121351
121321
120849
120743
97457
104557
93677
122164
121792
121261
121226
113462
112090
119780
122985
121305
114230
93754
121995
121467
120524
121191
121112
121075
121113
120706
121144
121191
120976
120822
121346
