7949
5439
5384
8126
7944
8024
7874
7921
7930
7914
8001
7868
16074
13122
7885
7864
7978
7921
7869
7869
7889
7871
7881
7868
8875
13162
13212
13121
13163
13225
13165
13132
13644
13957
13587
14428
14991
14963
14912
14884
7310
14959
14861
14869
14933
14985
14900
14874
14921
15051
14948
14925
14890
14945
14962
14884
14856
14831
15049
14918
14902
14875
7450
14911
14877
16179
16306
15037
14890
14850
14898
14862
14854
14886
14890
14931
14855
14831
7322
14849
14889
14839
14849
14921
13553
13264
13267
13576
6457
13240
5268
5249
5266
5262
13191
13124
13196
5307
13209
13167
