50691
23403
23365
23406
51418
23423
52582
23451
23451
50667
23283
23356
23283
23288
23292
23277
23282
54865
23601
23456
23589
23370
23396
52231
50862
23390
23378
23371
23382
23421
50575
23385
23383
23441
51342
51768
49200
52214
23447
23392
52278
23346
23292
23808
49438
23384
23594
23443
23397
23432
23446
23722
52263
23374
23538
23473
23505
23557
23429
50624
23296
23447
23474
23354
51020
23315
23409
52087
23286
23334
52700
23328
23400
24165
51956
26288
53332
23294
23324
50262
23594
23656
23969
23531
23268
23481
23463
23455
23546
23507
23462
23456
52822
23334
23276
23282
23285
23284
23330
23347
