4078
4072
1626
1658
1635
1626
1634
4080
4072
4103
4083
4124
4666
1626
1634
1634
4648
4075
4089
4091
4097
4071
4090
4079
4076
4172
4226
4226
4230
4226
4234
4233
4148
4085
4105
1626
4117
4100
4114
4224
4249
4083
4093
4098
4081
4108
4101
1635
1625
1631
1626
1627
1632
1626
1643
1626
1628
1632
1626
1626
1643
1627
1631
1629
1625
1633
1626
1626
1632
1626
1635
1627
1666
1650
1626
1628
1654
1626
1632
1637
1626
1631
1626
1627
1650
1626
1626
1652
1627
1630
1627
1626
1631
1629
1626
1635
1626
1631
1626
1627
