3247
2964
3019
2987
3092
3141
3005
2976
3009
2970
3005
4703
8767
9081
9081
9109
9075
10087
9091
7459
7443
7467
8392
7473
7429
7621
7428
7443
7448
8823
7497
7438
7455
7436
7457
7447
7452
7450
7478
7438
7439
7441
7451
8339
7446
7450
7435
7447
7451
7443
7444
7439
7461
7443
7486
7647
7456
7439
7467
7468
7444
7439
7465
7434
7440
8829
7675
7451
7465
7432
7466
7585
7451
7527
7441
7440
7951
7445
7856
7460
7608
7456
8485
7466
7464
7961
8650
7685
7429
7481
7451
7465
7461
7427
7694
7467
7439
7432
7562
7461
8101
7475
7459
7470
7457
7440
8641
7443
7424
7433
9887
8361
8225
8378
4573
8406
8579
10798
11220
8594
9188
8644
8417
8392
