15985
14112
39274
22162
16764
15249
15265
15792
15616
14550
16586
23369
18330
37975
40209
37479
37564
35549
36191
35570
37274
36841
36039
35612
35568
35528
36790
36806
36795
38107
38085
35507
35641
36768
35510
36799
36761
36774
35498
39330
35499
40657
38131
39369
35526
35505
36797
38037
35484
35518
35839
35531
35515
36821
42027
36793
35514
35600
35596
36840
40559
36784
37960
38960
39403
35568
35525
35510
35500
35518
35581
35661
35622
36416
35552
35517
36945
38069
35514
37214
36784
35499
35514
35506
38345
35526
36765
36816
36788
43187
19658
20928
22213
20922
19666
19653
22206
21394
19652
19653
39917
19924
22189
22226
22580
22330
21721
19664
19652
19651
19681
39952
19643
15337
16920
15996
15665
40629
15118
14266
22927
15801
33375
36306
