18488
18338
18438
24038
18708
45634
42657
19264
19224
20283
17919
22676
21040
49215
17597
44148
26763
43972
26432
26451
27820
30988
28417
29909
28627
28559
28643
47892
28506
23557
47592
43972
25109
47449
26334
17687
29055
17627
26322
17632
26350
17705
26328
17631
26323
17643
26346
17621
26342
17589
25325
46011
17557
18562
17540
17577
17544
17604
17606
46998
25310
17642
43874
17548
25829
48080
44870
17605
29770
17616
17602
17550
17562
17574
43508
24345
50726
17608
17617
17586
17560
46452
46369
17621
17568
17638
18928
17658
17615
17830
17602
17643
19798
17566
17606
17596
17599
17554
18918
17590
17550
18922
18915
18185
17541
17550
17553
17557
47913
17561
17560
17542
25872
17554
44761
17602
38733
46635
17832
43684
18954
19976
44053
17625
