93850
93665
93618
123601
99652
93179
93737
94076
93590
118764
119899
93530
120538
93884
93530
122247
118946
94119
93505
120080
104356
93495
93774
93352
93382
93202
93167
120408
93504
120920
101885
124542
93239
122589
94248
93603
121784
93787
93868
93886
93709
94276
94318
93956
94439
94801
93611
93651
93931
119616
93348
116395
93468
118599
122432
94201
94430
93893
94074
93657
119828
93595
93401
121365
93597
125951
93936
94210
93806
93683
121721
94141
93813
121312
122765
123578
120410
93783
93766
121713
103295
122310
93071
92998
93819
93162
93745
93192
119708
122544
93709
93168
120536
114189
121820
93113
93003
121755
94206
119977
