3270
8171
8285
3300
8176
3349
3273
8251
8181
3268
8331
3268
8289
3262
8283
3406
8215
3261
8177
3267
8216
3267
8196
3268
8206
3351
8203
3340
8178
3272
8200
3265
8212
3304
8195
8276
8208
8208
8180
8196
8214
8198
8181
8175
8181
8176
8159
8174
8200
8535
8223
8183
8202
8169
8209
3312
8207
3291
8172
3268
8194
3316
8204
3321
8179
3393
8191
3301
8568
9384
9303
9258
9249
9311
9376
9310
9285
9342
9292
9384
9286
9281
9368
9278
9411
3248
9269
9301
9404
9277
9249
9282
9258
9282
9314
9250
9272
9296
9282
9255
