29002
28936
27907
53267
26915
29809
31589
29024
28564
29353
29261
31473
26853
26569
26585
26615
30459
27227
29149
26715
27853
26581
27867
26573
26633
27877
29296
57439
54658
26576
30430
55524
54605
26649
26576
28984
55014
56552
26636
53627
28883
30254
54709
55316
55071
26560
26577
54032
55611
54326
59218
53984
26716
55265
54186
30443
54419
55296
26567
56032
54909
30160
26566
54975
54545
26743
26566
26577
57729
55318
54176
55900
55436
56471
55106
54767
55412
27860
26589
26656
27873
26571
26600
26614
26590
26580
27875
26580
27947
56465
55520
53637
39868
36053
39177
37006
38297
55865
54799
26665
26576
27232
26573
31757
26574
26566
30437
28628
27867
28380
29147
26573
30445
27218
31431
47381
30746
28332
29978
34596
27695
30860
28799
57563
