3145
5940
7505
5769
5592
5142
2975
5292
5598
5568
1978
3616
2936
5017
4935
5019
4953
4938
4933
4995
4937
4951
5028
4937
4935
4949
5013
4938
4979
5007
4961
4978
4942
4937
6104
4937
4985
4953
4952
4985
4949
4936
4993
4956
4955
4985
4987
4980
4936
4982
4956
4969
4935
4969
5003
4953
4968
4979
4998
4963
5208
4937
6707
4940
4978
4951
4999
4969
4987
4984
4939
4935
4953
4940
4989
4995
4998
4969
4957
4979
4954
4935
5113
4997
4973
4994
5009
4940
4965
4997
4993
5014
4956
5026
4941
4965
5021
4941
4974
4961
6321
5014
4979
4935
4931
4973
4974
4949
5000
4954
4934
4974
4936
5577
5643
5642
5554
2411
5740
2174
6318
6006
1999
4905
