52133
24846
18595
18125
18003
38099
18408
19053
42160
17711
18128
21974
18156
46798
17103
43850
23891
25108
23876
25188
23822
26532
23877
27505
23910
23861
47307
25698
44448
24181
17120
25665
17104
25653
17337
25710
17100
25676
18393
25496
47074
25101
17133
18087
18318
19444
17138
18478
17252
17119
18404
17118
17695
18651
18228
18413
18021
18409
17122
19097
17123
17128
17131
19205
18410
18406
18357
19518
17127
17370
17129
18413
17113
17138
18395
17173
17126
17421
47213
23438
43834
42346
46337
18415
17132
18495
18352
18399
19722
17146
18154
47389
46466
17441
44144
48461
17580
17403
19150
21348
17561
17499
18906
19017
17319
17131
17848
18408
19084
18343
19635
18200
18414
28193
44612
21683
19111
19466
35644
32853
19176
19761
20506
43152
