1045
1041
1039
1108
1057
1430
2598
2648
2636
2738
1039
1473
1568
1045
1046
1039
1038
1045
1205
1039
1062
1045
1053
1045
1046
1039
1039
1039
1038
1080
1039
1057
1046
1048
1039
1039
1039
1045
1045
1045
1056
1045
1205
1046
1064
1039
1045
1039
1039
1076
1039
1044
1038
1068
1039
1038
1039
1039
1045
1046
1044
1039
1244
1039
1048
1045
1039
1426
1046
1045
1039
1039
1039
1090
1039
1062
1132
1052
1045
1038
1039
1046
1039
1046
1048
1046
1056
1046
1044
1038
1045
1039
1051
1045
1084
1045
1051
3238
1045
1070
1039
1050
1039
1077
1039
1046
1039
1045
1081
1039
1044
1039
1071
1045
1063
2636
1039
1527
3490
2941
2597
3013
3010
1045
