1855
1765
1764
1781
1783
1780
1768
1764
1765
1562
1787
1787
1784
1787
1793
1672
1569
1574
1586
1629
1569
1568
1570
1588
1569
1571
1570
1585
1616
1570
1570
1591
1631
1610
1569
1573
1569
1596
1593
1570
1570
1614
1584
1576
1570
1584
1587
1592
1629
1571
1569
1588
1618
1575
1570
1628
1621
1569
1571
1582
1645
1644
1649
1568
1598
1822
1496
1610
1569
1577
1583
1583
1570
1589
1603
1639
1587
1586
1588
1653
1582
1635
1570
1574
1570
1585
1571
1625
1568
1594
1629
1574
1569
1586
1592
1618
1570
1571
1586
1592
