26426
26728
26481
26531
48949
19182
18977
45762
45734
19213
18913
19018
49676
46209
47003
19283
18867
18943
18995
45310
18889
19151
18940
18912
30266
46983
19058
19042
18868
19037
35531
47029
18915
18905
19010
18895
19044
18906
18879
18868
19129
18929
18877
35887
46860
46709
46935
18882
18954
45825
18925
19229
18966
19137
19004
18882
19176
19097
18924
18895
19016
29025
46541
18868
18879
18922
18878
18874
18952
18905
19323
18867
19033
18861
18907
18996
18887
18856
18893
19074
18967
19004
18987
18897
18906
18887
19019
18932
45148
18884
47034
18945
18946
18876
48447
47989
19108
45604
18861
18865
