6042
13771
7782
13642
13649
13228
17662
15804
14821
15263
7258
6651
5615
13195
13214
14122
13202
13207
13281
13215
13288
13169
13171
13164
13198
14992
14552
13263
13190
13207
13206
13254
13194
13191
13168
13204
13182
13332
13275
13236
13193
13170
13259
17205
13195
13191
13191
13202
13168
13609
14532
13205
13165
13808
13215
13182
13210
14018
13187
13209
13323
13176
13195
13244
13264
13185
14273
13264
13201
13204
13271
13279
13203
13178
13208
13184
13168
13229
13263
13207
13193
13200
13207
13190
13208
13229
14017
13216
13240
13234
14674
13197
13202
13282
13249
13211
13241
13211
13176
13196
13207
13190
13178
13764
14585
13227
13548
13187
13192
13169
13286
13207
13304
5920
15443
15350
15446
13106
15809
15697
16819
15653
5355
16190
