2642
2556
2577
2552
2685
2755
2599
2556
2546
2564
2940
4047
6331
6380
6350
6394
6357
6393
6356
6363
6369
6389
6369
6391
6417
6370
7621
6357
6360
6406
6398
6695
6362
6364
6364
7602
6357
6377
6378
6378
6379
7535
6359
6414
6361
6420
6381
6367
6400
6381
6370
6490
6410
6406
6379
7530
6400
6396
6389
6388
6406
6390
6410
6352
6373
6357
6353
6381
6387
6391
7599
7004
6354
6356
6358
6392
6503
6655
6390
6390
6382
6855
6354
6358
6354
6360
6384
6399
6391
6366
6391
6402
8862
6365
6360
6364
6361
6400
7254
7734
6418
6433
6409
6366
6363
6367
6361
3521
4270
3513
3522
7775
7769
7844
7172
2670
7252
7267
7190
7438
7277
7254
7276
7768
