125871
98363
124789
98595
98299
119632
126131
103626
101458
127719
125422
124746
98147
124556
98256
127694
98483
125412
98259
125051
127386
126032
103862
126493
128407
100333
98868
99513
128083
129300
134176
127757
126167
128220
130569
115769
129268
100592
125446
98796
98479
127131
127415
98264
126813
99302
99132
99051
99891
126849
97995
127616
99167
98995
99052
99393
126079
98555
98136
98884
99678
100008
99578
99367
99449
98986
99409
98605
98318
99613
99495
98810
126076
124852
125825
126483
126152
117981
128905
122030
128114
120088
110938
125402
126511
120415
128037
103509
130265
125153
129297
102186
120849
98260
98221
129195
129415
130470
125966
101799
