17845
7869
8719
7934
7306
7013
7439
7013
17807
24137
19815
7829
7982
19676
20902
17122
17146
17245
18351
17147
18436
17233
17114
17162
17187
19699
17120
17118
22127
17142
18415
17122
17152
24435
17175
17126
17144
17151
17153
18377
17141
17135
18424
18372
19658
17131
19631
18718
17198
17119
17303
20920
17160
17167
17179
17124
17136
18465
17490
18438
18472
20892
17150
18417
18411
18435
18349
19080
17139
17161
17291
17132
17172
17176
17729
17292
18268
19693
17145
18418
18414
17172
17134
17166
17204
17181
17118
17146
17143
17139
17147
17183
17167
19197
17202
19563
17200
18085
19769
17224
17147
17239
17209
18585
17889
18399
17122
17183
17465
17245
17234
17176
17220
9131
11061
9976
8680
10839
9747
8810
18035
18851
17399
6809
