29571
10627
29157
27488
10914
28562
29012
28550
28182
29366
10810
12386
12329
25709
25460
25429
25506
25420
25431
25397
25507
27177
30752
25525
30684
26739
25399
25543
25380
25443
25604
25438
25807
26944
25569
25446
25505
25474
25524
25880
25643
25762
25405
25461
25369
25403
25375
25959
25671
25431
25485
25468
25380
25440
28074
25532
26896
25801
25618
26757
25399
25405
27807
25392
26754
25524
25969
25427
28855
25497
25471
25512
25457
25417
25604
26864
25602
26864
26739
25591
25397
25383
25383
25369
27103
26842
26510
25496
25404
25379
26593
25450
25518
25726
25423
26817
25435
25392
26004
25421
25410
25414
19397
14039
25575
14034
14125
14061
14065
14062
18768
14123
14062
14675
26069
30957
32314
29153
30992
30033
10238
30772
11104
28579
