17456
17130
51362
15877
15981
17935
38369
30727
24749
17019
38967
17225
15090
23594
21034
21232
22366
21445
22301
23722
42678
23560
21084
23581
22298
42679
21006
21011
20991
22283
21550
21014
21006
23575
22300
42690
42659
21002
22853
24782
21024
24911
23549
42680
21005
20987
45036
45014
43060
22245
21009
24845
21001
22299
23580
43218
46195
46236
15094
15092
15098
15090
15093
15093
15857
16378
15080
16427
15243
16313
15087
15097
15107
15113
16248
15143
15107
15097
15089
15667
15101
15082
15101
16006
15200
15092
15107
37689
15114
15096
15129
15106
15096
15546
15310
15095
15111
15100
15105
15109
15100
15262
15197
42779
15675
15086
15957
16371
15327
20991
15835
16717
15102
15113
15478
16160
15812
15561
16350
15213
15287
15266
38744
39310
