33299
19426
20451
20722
20148
19105
34426
33152
38792
34597
12574
13148
18567
33663
29701
29697
31004
29778
29591
29620
29591
29611
29691
29804
31017
29666
29819
29760
29592
29596
29609
31012
29639
29851
29625
29606
29609
32957
31056
29693
29691
29947
29756
29748
30988
30996
29598
31068
29728
29672
29727
29608
30970
29776
29735
29663
33500
32725
29752
29795
29950
30226
29608
30656
29909
31187
33137
39784
29826
29746
31346
30977
30334
29601
29712
29742
29659
31073
29629
31111
29626
29719
29692
30329
30082
29613
29610
29967
29832
29602
31054
29611
29631
29779
29912
29596
29596
31350
32232
31136
29611
29608
31621
29670
30087
30046
29630
29655
29588
29595
33676
29948
29617
33323
14754
13494
13578
11915
40656
16405
34395
12176
32014
33341
