12125
12061
12048
12038
12078
12107
10683
10783
10761
10888
10701
10861
10709
10806
10690
10698
10842
10841
10696
10774
10776
10829
10774
10710
10899
10730
11164
10747
10972
7051
10649
4246
10690
4248
10657
4251
10883
4248
10688
4241
10706
4250
10664
4244
12019
12078
12181
12073
12122
12123
12096
12180
12100
12177
12341
12026
12268
12091
12126
12384
12252
12047
12092
12076
12244
12046
12168
12078
12141
12126
12114
12038
12124
12108
12161
12184
12094
12065
7167
10702
10239
4253
4318
4294
4285
4248
4406
4245
4322
4303
4256
4247
4443
4310
4311
4321
4296
4254
4393
4251
