111768
111775
111144
90143
114013
84891
107201
110850
84332
112209
110478
112761
111706
84494
111803
109053
116384
103163
111440
83514
112189
84232
109396
94355
85348
112714
112562
89925
92386
111323
109808
111284
112098
86509
84727
105780
109577
85844
109934
91066
87679
113046
113566
114984
112814
110179
84155
84267
112028
89832
83590
107786
114372
83855
83633
84085
83861
84114
83928
83724
83548
111819
112215
83638
83582
83800
112708
84005
84069
84339
84511
84422
84671
83912
83748
83768
83794
83792
84054
83857
83832
83951
84163
83922
84546
84185
83806
83925
110580
83662
111483
83551
83651
83708
83517
112673
114351
84224
83771
110988
