803
797
3264
1992
1997
797
797
804
796
1092
1091
1320
804
797
809
803
806
797
797
796
796
812
797
797
797
797
804
797
802
797
828
2255
797
803
2255
796
797
810
797
797
797
803
797
797
812
803
797
797
797
797
797
811
803
797
2274
797
803
797
803
810
803
797
804
796
804
797
833
797
797
797
797
1027
796
845
796
797
803
803
836
797
796
803
1584
803
803
797
797
835
803
804
796
803
810
797
803
803
797
803
797
802
803
796
797
804
797
797
843
803
797
2256
797
797
803
2051
2193
2706
859
797
804
796
810
797
797
2006
