11762
5357
4890
10803
9873
10423
11611
10119
9547
9352
9636
7307
5488
9237
9204
9770
10356
9174
11650
9295
9229
9207
9191
9247
9220
9264
9192
9181
9202
9952
9178
9239
9196
9169
9231
9175
9182
9240
9176
9155
9201
9194
9566
9193
9204
9176
10448
10545
9183
9172
10338
9223
9194
9184
9212
9194
9251
9195
9193
9235
9796
9248
10532
10524
9212
9152
10562
9237
9161
9182
9196
9178
9154
9231
9183
9198
11063
9201
9180
9229
9185
9262
9255
9661
9314
9256
9159
9156
9190
9199
9159
9198
9214
9178
9254
9331
10545
9176
10581
9187
9195
10181
9175
9190
9166
10564
9704
9184
10490
9189
9191
9174
9178
11367
12312
11862
11407
8531
4241
3671
3701
4339
9120
3667
