23784
47899
22541
57647
28355
28691
42752
26409
52031
22949
51163
30866
53897
24150
23434
22112
22640
22317
22184
22065
22107
22055
22054
22059
22057
22063
27523
34284
23461
46260
22149
22118
22138
22112
22084
23240
22089
22143
22103
23175
22064
22112
22093
22077
52564
29801
30839
30766
31192
30818
30809
50993
50178
22160
22160
50265
49757
45244
22050
22435
22349
51150
50026
48586
23688
22131
50045
49287
23444
22130
22062
22124
22047
22095
22058
50342
49225
49411
49189
49058
22051
22124
22068
23433
22051
51229
22085
22306
22088
51190
22067
22062
22051
22058
22092
23432
27767
23397
23440
22061
22068
22068
22096
22050
22052
22049
22064
22059
23404
22114
22070
22052
22056
39621
23224
49711
50376
23611
23056
48592
33640
57476
26197
22046
