84293
114531
111760
84804
114948
84090
84202
84881
101002
111928
84952
115437
113194
111978
113433
111287
112100
111526
85219
111210
113143
98302
87055
84744
84408
114816
113028
84413
84105
84613
84163
84182
84011
112115
84352
111031
84653
113127
112587
84867
84539
85170
113397
84423
84307
84059
83986
114842
108642
114170
87694
87417
113076
112123
86353
114125
112464
117271
110241
84324
84711
114147
112593
99833
112430
111241
113932
84275
114530
85768
98932
84938
85326
117191
115849
113745
84060
100510
85030
113248
111488
83980
84116
87794
117279
112392
112738
120207
110489
85701
112007
84218
84068
84572
84884
113356
110309
114103
113345
98984
