31962
56977
60781
32032
31578
31539
64700
60628
32149
32257
32500
33010
32937
42731
31899
33634
32516
59634
32453
33541
61361
41243
57694
31948
32078
34187
62686
60199
42057
33756
31596
32496
34345
61102
31708
31517
31617
31505
54757
31518
58004
31591
31518
31662
31777
31617
61088
31605
31620
61794
31505
52276
31497
31563
31510
31610
31491
31570
31501
31514
56691
58788
31576
60478
53821
53044
31537
45271
31633
31647
59851
32236
31814
31762
31489
31517
31514
31507
31498
59053
31513
31783
31522
31973
31512
31760
31506
32048
31516
31654
31521
31670
31541
31723
31524
31493
43593
43940
60566
31564
