37221
37123
37244
37153
37292
37956
20557
20714
20691
20533
20567
37608
42425
20516
45509
14804
14717
15008
15032
36824
37130
37893
37038
37203
37056
37400
37234
37027
37230
37050
37068
37199
37055
38216
37060
38782
23016
14931
14736
20889
37702
14747
39174
37366
25945
14737
14774
14735
14755
14941
14768
14724
14734
14729
14727
37073
36866
18575
37238
37145
37056
37067
37502
37084
37247
37262
37119
37095
37460
37290
14868
14814
38356
38059
42115
20577
44037
22115
16426
23378
41806
15008
22205
36901
22129
37929
43206
45096
27339
37718
22200
37176
22102
16094
15269
16320
22230
14853
22248
41881
