46996
33388
45963
49446
33219
21316
23365
21888
32965
21155
48336
23611
49286
21680
48898
27383
21700
49029
20553
21694
23905
20429
20413
21705
20426
23000
23005
20423
20417
22386
20423
20424
21189
20413
48917
32297
22952
49255
20752
48647
22983
20706
20418
20430
20428
20710
20423
21709
21642
20430
21708
21698
20419
21646
20441
21721
21773
50602
47929
52050
49412
50964
49480
49807
49029
51212
48504
29692
33268
30688
31959
33840
30674
29975
29495
50430
49481
20431
20419
20417
20421
22973
41468
20412
49276
24284
20411
20418
20589
48108
21512
20410
20410
21688
21711
21700
21696
20415
20494
20420
25124
21704
23982
24284
22091
49589
20411
20414
21794
20540
49416
22383
21376
23204
20811
20752
49007
53928
21828
21688
20838
20636
21233
48932
