27919
25466
21527
21334
21374
23981
22078
22338
22508
25429
8759
10965
12879
21519
21514
21725
21684
21567
21575
21479
21616
21784
22872
24236
23292
21883
24239
21534
21636
21685
21555
21564
21890
21526
21509
21501
21503
21580
21597
26258
21531
23475
22566
21476
21497
21502
22858
21525
21538
21498
21685
21510
21517
22040
22899
21514
21509
21557
21521
21507
21505
21508
21797
21556
21508
21582
21507
21487
21524
21506
21540
21490
21521
22570
21583
21842
22692
16751
21474
21565
21564
21593
21554
21549
22018
21714
21580
24265
21507
21768
21629
21519
22888
21532
21595
21664
21541
21591
22963
21619
22941
21599
21602
23599
21512
21867
21633
21594
21603
21492
21512
21485
21532
9993
11144
9509
22120
22169
9425
22499
24841
22877
25239
24207
