5400
5385
5363
5360
5435
13856
5400
5412
5357
13628
5387
13612
5572
5557
13534
5393
5585
13652
13424
13507
13444
5529
5365
5429
5685
13565
13493
5388
5409
5446
5363
8334
8128
7851
7477
16541
16634
6176
13581
13593
7554
7473
7607
7484
9458
13988
15239
13824
15189
13526
15306
15274
15525
13970
15269
15283
15181
15394
13750
15279
13827
14018
15664
13456
15300
15333
15229
15313
16573
13731
16508
16435
13638
16456
13752
16467
13764
16563
13675
5411
16478
13873
16436
16438
7558
16542
13453
5752
16526
13753
13865
16583
16210
15281
15331
15298
15203
15345
15692
15215
