12584
5818
4754
11680
11884
12615
11859
11991
4759
12896
5051
4945
4951
11925
11771
11888
11770
11857
11857
11855
11926
11863
11898
11985
11975
11826
11905
11858
12419
11811
11849
11855
11908
11894
11826
11851
12191
11856
11876
11857
11880
12258
11877
11835
11845
12464
13185
11806
11855
12416
11867
11949
11835
11874
11862
11863
11787
11866
12977
11857
12172
11851
11833
12438
11890
11778
11832
13204
11889
11760
11869
11846
11850
11928
11828
11915
11877
11875
11854
11787
11882
13190
11874
11757
13643
11825
11801
11826
11809
11786
11829
12097
11788
11778
11786
11789
12082
11752
11789
11793
11778
12804
11771
13153
11771
14437
11811
11773
11846
11953
11747
11778
11754
11999
13700
4907
13538
14290
13713
13622
5404
14661
13754
14627
