669
668
696
669
692
716
690
668
669
669
1893
683
1678
2056
1805
1701
1682
1742
1742
1709
1698
1701
1688
1741
1695
1745
1755
1698
1684
1807
1683
1695
1776
1757
1683
1744
1687
1699
1695
1741
1681
1744
1682
1800
1725
1742
1682
1682
1698
1697
1704
1682
1683
1682
1699
1721
2204
1742
1683
1742
1743
1697
1741
1684
2280
1684
1682
1743
1696
1831
1683
1682
1683
1697
1748
1698
1743
1683
1682
1705
1696
1769
1681
1683
1683
1697
1742
1683
1681
1682
1697
1735
1754
1743
1682
1681
1697
1695
1720
1681
1681
1682
1699
1698
1683
1682
1682
1681
1734
1876
1682
1683
1682
669
906
669
675
1918
669
668
933
669
668
1911
