59811
52068
27727
53974
27514
27027
25805
26870
55440
26438
34098
47697
37974
57918
26665
25839
25771
25800
27168
25846
25829
25786
25829
25845
26803
53337
25907
45853
53229
25875
26100
26696
53111
25871
25858
25882
25870
25874
26470
27213
28005
26412
27206
25886
26192
26993
30701
57071
26852
25869
27183
25878
27050
25853
25877
26841
25858
25855
27166
25854
26083
26563
25843
27250
25874
25893
25858
25870
25888
25870
27206
27196
25877
26275
25860
25879
25856
28433
25859
25869
25878
53613
53626
25889
25877
29438
25864
25870
25850
25882
25885
25934
54511
25809
25918
26193
38575
56005
54360
26614
25826
25771
54560
25788
25844
25764
25771
25777
25778
25814
25769
25769
25778
30947
27444
28085
53245
26601
35444
27253
27125
26657
57444
58381
