36180
16405
14074
13398
14651
15506
37804
36965
15976
13167
38735
15261
19811
31840
31958
31841
31846
32043
31808
31926
32082
31870
31827
32018
31922
31839
31894
32496
32230
31945
33227
34611
31848
31826
32019
33834
31837
31825
35872
31839
35894
31849
31813
31904
31918
33270
34565
31826
31852
34562
33460
31981
33373
31833
31830
35888
35356
35951
31850
31881
33182
31822
31947
33551
32110
31839
31834
31850
31991
31806
32052
31809
36938
31811
32260
31833
32493
32068
37203
32123
31807
31820
31958
31828
34667
32051
32821
31836
32033
32110
31802
32458
34563
31824
33396
31824
32087
31855
31797
35632
31803
31979
33547
33289
33304
31827
31849
34531
32672
32122
32560
32135
33704
34010
13960
36572
12736
38116
33652
14448
14278
15159
17136
35820
