8068
20038
8204
8273
12132
8771
12319
19982
8708
19982
8087
8339
7974
19967
7983
8678
20258
8772
8302
11282
24556
24481
7996
20127
23390
22593
23150
22867
22919
20874
24815
22576
22615
22693
22623
22654
22613
22694
22648
22651
22640
22628
22612
22603
22696
22829
22808
22751
22613
22679
22807
22828
22773
22779
22809
22642
22625
22714
22592
22611
22715
10972
7977
8023
7995
8044
8030
19968
7995
8140
7971
20226
20197
20425
20226
20083
20021
20087
22597
22570
22896
22980
22853
22610
22639
22570
22683
8006
23446
20502
8067
19989
19938
20019
20542
22741
22768
23012
22617
22732
