50022
26110
28731
25966
28008
56322
27054
26355
26097
26136
25725
29983
54358
38033
35245
35233
35254
35638
35305
56449
52529
26429
25269
25265
25265
26267
52934
25703
25525
25322
26410
25284
26812
25283
54642
25262
26190
42818
25264
53621
53964
25369
25264
25260
25272
25261
25257
25257
25267
25258
25263
25821
25257
25258
25260
25261
26556
25271
26399
27568
25328
25343
26766
25554
25270
25261
25519
25308
25258
26491
25259
25274
26201
25508
25261
25263
25287
25263
26806
25273
25271
25682
54008
25712
25254
26133
25268
25285
26555
25942
27366
53656
54007
25316
25527
25293
25290
25315
55812
54022
35268
53725
25269
25262
35203
33960
37168
36669
35746
35187
36483
35190
39054
56467
25791
26831
25975
27659
28076
30523
25612
55516
27209
25271
