16208
16297
16201
18390
18347
18382
18510
18660
16894
16539
16364
16615
16308
16293
16430
16302
16465
16311
16439
16299
16553
16560
16403
16452
16375
16303
16324
16322
16344
16334
16306
16311
16363
16356
16606
16328
16379
16303
16328
16335
16433
16364
16456
16336
16465
16367
16465
16558
16431
16608
16413
16646
16420
16306
16363
16821
16339
16317
6721
16457
16298
16293
16286
16337
16320
16331
16406
16346
16355
16345
16307
16374
16450
16328
16377
16418
16379
16342
16373
16367
16584
16313
16372
16412
16413
16440
16385
16412
16404
16555
16406
16296
16285
16338
16335
16320
16643
16412
16429
16348
