79134
106447
79089
109681
108902
106914
79128
78868
78843
79105
78853
78864
78851
106233
78918
78964
78877
106579
107837
78982
106523
78997
78859
78832
78847
78924
78853
78894
107949
79005
105394
78881
109322
109759
79707
78870
107817
78928
78918
79441
79520
78894
78825
108828
78853
105895
79176
79255
81460
79046
79020
79187
107232
78859
79205
96875
109579
105007
108509
108970
106840
107417
108258
79137
107784
108517
79001
78989
78934
103415
108795
108965
79041
106074
108131
106131
79071
79006
78927
108151
108778
79468
79451
79290
109109
106357
106067
107852
79111
78965
107588
79159
79152
79226
79177
79472
81578
107918
106794
105831
