43742
72655
43737
43670
43665
48610
43737
43589
52490
43651
43551
43607
72869
72770
68999
43614
43546
72485
43571
43639
43662
43626
43683
43643
43665
43766
43703
43677
46811
43598
43555
43549
43547
73336
69384
43671
43674
43689
43921
71269
66114
72850
43603
52103
43536
43541
43555
72463
43688
43773
43718
43653
43637
44057
43767
70825
43621
43583
43558
43675
44462
43584
43554
43565
43546
43671
43551
43555
43622
43549
43557
74188
73231
43670
43681
43645
43674
43721
43671
43608
71558
72737
43642
62192
43599
70588
43655
43660
72899
72465
71580
44012
53668
43682
73874
72799
43713
43703
70435
43835
