54387
54527
83451
82870
83544
54517
54503
54356
83390
54219
54191
54182
83480
81942
82614
54455
54479
54471
54553
54706
81465
54338
54246
54330
54229
54220
54343
54331
54314
84514
84825
83233
54177
54248
54195
54289
84405
85159
54445
54425
83815
54705
54438
54276
81939
54151
54141
54146
80170
54326
54229
54336
83458
82126
54417
54416
54457
59066
54295
54237
54237
54589
54423
54492
54526
83837
84405
83544
54842
54619
54542
54626
54585
54732
83305
84501
54274
54231
54249
54213
54247
82129
54346
81286
54251
54248
54783
54642
54636
54527
54438
54482
82569
84394
54292
54217
83058
54512
54417
54340
