20528
9215
16604
9206
9200
9247
16851
7372
20925
20293
6663
19251
16900
6620
7436
19065
18891
16770
7000
18751
6622
18721
6606
7527
6606
6602
17414
6605
7456
6606
7477
6632
7473
7389
6733
7409
6639
17586
18713
6654
6761
18720
19255
20502
18810
6626
7272
16998
20435
6776
6606
18722
17084
18913
7405
17078
19334
7410
6602
19337
18827
18802
18784
18754
18798
18792
17061
18746
18948
10273
18804
9930
6667
11091
18737
6672
18701
18768
20337
18724
18715
19178
20417
18873
20528
19184
21642
18902
10013
20385
10069
20500
10038
9204
10186
20311
6615
20375
20505
9782
