23459
43318
16789
17012
16852
16749
16751
17192
17004
16902
16759
40358
46803
16742
40833
16740
16770
16846
43039
16747
16758
16960
16755
16876
16759
34254
46793
16765
17079
16868
16775
16763
44070
45146
41788
16871
17016
16877
16762
16981
16955
16770
16796
16876
16882
43069
24988
23404
36289
46970
16743
16900
17141
22167
16936
16800
17057
16945
43284
16944
16884
16879
17149
17110
16815
16796
17058
16739
16754
16828
16897
42654
23650
23414
23436
24117
23723
23421
23479
23595
23755
43675
16812
17091
16880
41988
43399
23309
23443
23400
23421
23381
23327
39592
46695
16758
16773
16804
42334
25067
