1082
1128
1131
1789
1088
3120
1102
1104
2731
2895
1094
2739
1098
1088
1124
3008
2802
2740
2764
2790
1140
1089
2738
2763
2745
2822
2729
2789
2816
2756
2797
2737
2763
2775
2736
2734
2734
2757
2763
2726
2720
2726
2767
2732
2811
2779
2736
3065
2763
2772
2720
3068
1090
1089
1091
1088
1173
2740
2767
2801
2743
2888
2754
2721
2728
2741
2722
2733
2722
2779
1222
2720
2723
2762
2796
2734
2734
2971
2734
2750
2741
2740
2759
2754
2721
3042
2741
2802
2734
2737
2734
2736
2764
2763
2737
2767
2751
2720
2826
2733
