10697
12466
11014
10626
10783
10612
10963
13400
12594
13786
5364
7236
4287
10417
12158
10422
10458
11744
10474
10454
10444
10436
10447
11767
10458
10409
10423
10452
10451
10444
10457
10440
10426
10435
10441
10454
10441
10485
11859
10440
10456
10441
10438
10410
10441
10431
10466
10486
11144
10441
10433
10429
10449
10481
11175
10424
12401
10458
10487
10429
10466
11807
10425
10449
10462
10458
10453
10457
10477
10423
10449
10502
11798
10481
10432
10413
10441
10437
10474
10646
10435
10410
10777
10477
11401
10674
10555
11818
10465
10486
10480
10458
10722
10473
10468
10492
10525
10519
11827
10506
10493
10508
10517
10517
10416
10428
10424
10487
10433
10506
10424
10438
10412
4187
11846
6698
13713
14013
16183
14329
13111
13367
14121
10338
