1044
1052
1044
1050
1045
1048
1044
1044
1044
1045
1044
1045
2955
1044
1106
1045
1045
1044
1044
1044
1044
1044
1076
1044
1043
1044
2989
1044
1044
1044
1044
1044
1047
1044
1044
1045
1044
1044
1046
1044
1050
1045
1051
1044
1083
1044
1050
1043
1049
1044
1049
1044
1045
1045
1044
1044
1044
2636
2613
2623
2621
2623
2622
2623
2619
2621
2644
3194
2611
2610
2614
2607
1047
1045
1045
1044
1084
2722
1044
2643
2973
2634
2994
2628
2630
2623
2619
2611
2611
2617
2612
2612
2612
1045
1061
2969
1045
1051
2971
2663
