89256
89560
89038
88736
116261
89157
112181
117486
88872
89132
89457
89189
89092
89028
89144
88939
88917
89125
89197
89296
89592
116716
120894
117984
118977
119771
117403
89731
90131
95998
117684
116842
89406
98848
120138
116742
117194
116962
89899
118711
98395
118207
116627
117747
116648
110951
115864
120715
118357
117339
129033
119278
122774
117883
111044
88776
89347
99974
93978
88724
117784
123530
119017
117045
118495
115995
88724
119081
116038
116358
117033
118904
111285
115824
117369
116607
111542
119177
115796
118537
117731
116771
94084
117579
114138
115438
115970
116458
88744
117907
116948
109871
118578
113379
88988
117091
117198
88747
89056
88894
