10051
9361
10197
3711
8787
8857
9082
8114
8554
8101
4469
4820
4863
8044
7982
7978
8021
8041
8023
7987
7983
7993
7999
7977
8020
7981
8064
7995
8041
8040
7991
8026
8004
7986
8101
8016
8008
8011
8048
7989
8017
10220
8033
8038
7980
7998
8073
8075
9363
8053
8054
8023
8049
7977
8283
8067
8401
8049
8038
11515
8066
8036
8017
8029
8090
8073
8095
8066
8062
8025
8887
8335
8015
8038
8081
8203
8670
8060
8185
8057
8436
8082
8232
8081
8087
8089
8048
7993
8030
8075
8094
8222
8107
8193
8120
8087
10040
8048
8011
8020
7982
8001
8086
8077
8367
7993
8041
8081
8066
8102
8047
8134
8329
4514
4792
9377
9201
3172
9067
9554
9433
8364
4058
8999
