7979
8480
7840
7221
7153
3838
8837
8477
7306
2927
3212
3219
4128
6880
6924
8736
7001
6973
6907
6902
6994
6890
6914
7320
6901
6905
6950
6875
6883
7260
6923
6875
6896
6886
6911
6890
7124
8262
6947
6923
6923
7780
6916
6900
6954
8280
6924
6896
6923
6878
6931
6930
6928
6911
6900
6931
6914
6914
8286
6912
7640
6918
6892
6937
6899
6883
6890
7543
6926
6966
7394
6890
6879
6917
6928
6920
6923
6902
6891
6920
6910
6885
6978
6925
6967
6883
6984
7020
6913
6880
6912
6912
6930
6904
6999
7670
6876
6902
6947
6911
6876
6885
6889
6936
6937
6883
6909
6912
6910
8233
6909
6909
6913
7837
7906
7885
7849
7909
7883
7909
8311
7923
7990
7848
