12058
11038
15576
15552
15152
15820
11667
24904
28433
13969
10028
10052
28638
25499
25777
25762
27042
24468
24502
24498
25945
24481
24454
24453
24499
25730
24487
24478
24479
25795
24492
24510
27009
24464
27060
25774
27052
26995
25736
25287
25734
25150
25728
24462
24470
25737
25770
26567
28400
24454
25750
24487
24525
27009
27026
24475
24483
25414
25758
28992
25729
24462
24451
24538
24561
24620
24916
24721
24551
29195
26433
24564
26006
25374
24585
24754
24574
29672
26365
24458
24538
26163
24574
24557
24568
24454
24450
24698
24549
24531
24549
25630
24709
25902
26629
24583
24567
24457
24590
24460
24532
24579
24722
24581
24565
24533
24498
24450
24520
25836
24586
27121
24584
9854
25363
10728
9942
10320
10858
11224
10826
10738
9879
24325
