58667
58242
58358
79232
82996
58435
58423
86147
57951
57960
86763
58247
58304
58147
86356
58062
87410
84678
58291
58117
58216
58083
58192
58115
87567
88386
88905
88986
87624
58506
85598
58326
58214
58372
58119
58140
58170
58242
58154
86740
58156
58021
86848
58502
58385
86802
88452
87272
58260
58630
85994
57991
58009
87447
87025
58160
58452
88190
88385
84252
86741
88204
58648
87061
87449
87918
87259
85596
58406
58048
58062
84857
86954
58037
58001
86627
58076
57983
86987
58340
58148
58158
58162
58052
58034
58208
58141
88863
58295
86997
57981
88179
84774
86905
58196
58085
86800
58317
58335
58574
