33136
14308
21558
16852
20601
27285
21885
28991
29234
34628
12679
21639
13983
32206
34681
31315
32294
32097
31361
30931
32206
32201
33464
30818
31010
30939
33506
32207
30918
32935
31776
30940
33013
30870
30832
33521
32037
32137
31619
31439
30953
33384
32161
31453
30828
30830
30836
33532
32099
34941
35963
39585
31686
30836
32984
32188
31063
30832
33458
32249
32211
31267
36284
37642
38204
38952
38802
37615
22939
32663
12256
33845
33243
31127
30878
35849
31344
30847
30845
30865
31852
32133
35930
30829
30862
30881
32112
34714
32178
33426
32156
32292
32195
34676
32134
30846
33909
31257
32758
32175
33884
30862
31959
30908
30848
32313
31717
30905
31702
33533
30938
32197
30875
33348
32179
31850
12270
17833
35917
33722
12402
12304
13307
30853
