3716
3436
3743
3612
3745
3470
3477
3679
3428
3978
4286
4724
8559
8600
8597
8572
9818
9817
8590
8588
8588
9840
8568
8585
8583
10183
8588
8586
8562
8565
8590
8562
8580
8576
8571
8590
8573
8563
8624
8575
8598
8603
9698
8595
8598
8583
8591
8617
8617
8571
8599
8653
8580
8598
8606
9640
8572
8560
8566
9528
8569
8570
8567
9851
8581
8605
8595
8572
8608
9848
8615
8613
9866
8622
8584
8585
8593
8594
9812
9130
8562
8606
8592
9813
9793
8685
8586
9805
8599
8597
8576
8597
10377
8750
8813
9071
8596
10140
10499
8636
8587
8874
8835
8641
8897
8687
8575
8604
8937
8716
8862
8591
9225
11452
9918
10072
3800
9696
9690
9685
10009
10757
9828
10368
