93805
66094
66034
66004
94157
66048
65977
65999
65951
65942
94719
66053
91726
95407
66250
66538
66556
66471
66424
66259
66125
66294
95955
96008
94774
66213
66710
66158
95930
95765
66081
66846
94142
96689
96318
93109
96582
95713
68923
66429
65977
65963
80753
66224
66138
66090
66026
65966
66013
93132
66031
94636
100642
94481
66058
66213
93691
66274
66068
66281
65966
95795
96729
94919
65970
66030
65985
95064
93600
66577
66835
66007
95175
66258
65987
65939
94449
72091
92763
66041
93669
66172
66252
93329
66165
66053
66089
66104
65995
66350
66120
96208
96582
95307
66280
66398
66224
66258
66124
95566
