17774
16984
18429
16527
41469
22479
42186
16821
17888
36901
24218
20293
22532
16253
17412
16198
16114
17739
16162
16108
18673
17387
16096
16097
17245
19438
16497
16098
17177
45558
18475
16156
17757
16096
16787
16097
17756
16101
17384
16476
16124
17409
16085
16101
16091
43402
40198
45185
16075
17417
17371
41249
16227
26303
38518
16073
18009
16143
23693
16081
16075
16074
16079
18650
16085
36886
16073
45628
41528
17387
42909
16068
44006
40405
40229
40488
40468
40640
40988
41986
41313
43142
23422
23165
22541
22416
23828
22477
23704
22531
22414
23013
23891
22409
24429
23938
45647
47234
16089
16088
16093
16171
17427
16594
16101
16086
16633
17456
16861
16480
16110
16096
45637
16549
16534
16245
16376
17166
16428
16764
16264
17289
17049
40504
