114732
115521
117036
116290
95927
96128
96276
117333
115912
117695
88277
119316
88535
116923
95863
114861
95355
113621
88632
113456
121329
115662
125607
115766
107981
88701
88734
88862
116719
88441
119102
113589
119410
93319
118086
114202
88874
126000
115683
94130
91228
119096
114603
88937
88280
88273
88142
116528
88838
88373
118260
118747
88238
119002
89403
114310
117736
115604
91625
90554
118053
116696
116179
116930
116885
91985
116483
88620
114620
88623
90799
88952
90452
119333
115402
121005
116188
88284
93595
117994
118023
88280
88368
88212
116196
118547
89495
120016
90152
90051
92060
88929
91067
111528
88432
90954
88213
120875
100302
89992
