34427
44303
27560
28045
43548
33230
29148
34046
26625
27494
31569
36824
34977
35485
26945
27195
27195
26881
25875
25920
25848
25882
25917
25912
56181
53050
52598
26171
25895
25774
25807
25778
52374
25765
25771
25768
25776
55706
25862
25853
25904
25864
27191
25860
55569
25773
25781
25822
55008
25872
25853
25866
54770
27151
38664
38653
38658
38677
50531
25855
25772
55335
27183
25886
27164
25858
25845
27183
25883
27276
25841
25851
25860
25854
27174
55901
54441
25773
25819
27140
25771
25819
25798
25773
25782
25879
25804
25769
27104
25808
25769
25766
25840
25866
25905
25857
54823
26045
27724
27194
25798
25806
25842
54024
25815
25773
25795
25838
55534
25858
26042
25858
25854
34011
25920
34193
25857
29772
29164
31314
54541
26620
52898
62195
