52507
51348
23707
23593
23549
51611
23542
23760
51501
52812
23779
23710
23547
23627
23558
23598
23552
23677
23728
23545
23704
23550
53108
23559
23631
23555
52336
23531
53397
23542
23613
23549
23641
23548
23788
53284
51816
23567
23569
51555
23552
23569
23550
44782
52745
51835
23563
23903
23558
53083
33757
23553
26144
53264
52812
23645
51116
52723
51218
51502
23551
23631
23556
23562
23657
23559
23589
23730
23591
23880
50802
23727
23704
23541
52444
23579
23855
23556
23572
52663
23846
52604
23919
50616
23887
23686
23739
23687
53321
23674
23641
24134
23613
23603
23816
23555
23630
23961
50782
52532
