34843
31927
61092
31496
57886
59915
58479
58917
61808
59774
31553
32063
60042
60602
60626
31496
52631
31873
59335
61324
59868
58579
31522
31582
57144
31986
31730
59659
59082
60209
59031
31829
61969
60321
60322
31893
57148
59814
31517
60483
58927
60676
31536
31569
31947
31594
53967
58260
59714
55027
31553
38696
60441
31556
31521
60278
31866
31659
31834
58414
57069
58894
31753
60072
42812
59780
56937
31584
58786
58017
60369
60676
31500
31913
61584
60855
61500
60030
49996
47947
56869
59013
31565
61907
51659
59454
60674
60820
50945
31698
58442
60601
51590
31509
43582
62897
59119
60179
58746
58807
