6735
11094
9745
16212
16273
6528
9958
9699
6539
6498
6533
6512
6516
6497
16431
16188
16172
16225
16279
16201
16250
16337
16361
16201
6649
6557
6498
6590
6501
6697
6539
6704
6667
6713
6701
6545
6600
6514
6651
6533
16180
16189
6522
6534
6553
16220
16184
16214
16185
16237
9257
18399
18479
18478
18373
18606
18712
18471
18597
18370
18505
18592
18388
18417
18334
18430
18324
18344
18437
18359
18326
18378
18352
18372
18358
18538
18622
18456
18485
18490
18509
18556
18459
18390
7318
16308
16446
18331
16718
7254
16642
19334
7207
16559
18509
18518
16620
7413
18554
18418
