1357
1856
1394
1967
1377
1412
1857
1823
1412
1354
2714
1935
1313
3795
3755
3837
3769
3792
3778
3740
3776
3791
3764
3756
3833
3776
3795
3787
3775
3748
3767
3780
3768
3810
3717
3767
3791
4074
3776
3738
4109
3735
3766
3782
3760
3736
3790
3769
3766
3752
3773
3762
3819
3737
3740
4039
3968
3781
3822
3734
3951
3771
3808
3768
3762
3733
3798
3752
3730
4395
3735
3757
3733
3763
3778
3717
3749
3819
4039
3752
4502
3789
3773
3729
3732
3787
3728
5120
3757
3735
3808
3758
3770
3785
3759
4112
3762
3774
3732
3777
3779
3734
3751
3751
3733
4034
3736
3736
3733
3793
3727
3822
3734
1918
1818
1984
1724
3533
1969
1801
1826
4147
3326
1635
