6798
7053
5347
5585
6143
5368
6297
5322
6140
6575
5105
6885
5687
12482
13733
15009
13755
15493
12469
12502
12472
12774
13781
12804
12473
15611
12479
12469
14263
12509
15590
12514
12479
12471
12536
12477
12476
12478
12919
13767
13054
12495
12753
14090
16211
13406
12473
12470
14415
12930
13838
12646
12478
12659
13265
12473
12918
12495
12485
12508
13804
15030
13436
13082
12501
12479
12478
12509
14097
16680
14247
15344
12511
13984
12732
12512
13426
12879
12478
12499
14783
12480
12467
12498
12507
12469
13999
13772
12501
14342
12488
12494
12491
12475
12483
16238
12697
12493
13767
12506
13764
12591
12499
12510
12508
12484
15085
14780
12473
12490
12480
13419
13252
14299
6786
14071
14087
4964
14510
14079
8055
14062
14055
5445
