78151
67481
47852
47404
75413
48754
68674
48640
75432
62569
47855
47940
47610
76559
47402
76178
76913
78403
69409
74128
76328
74695
47698
47479
47418
64409
60372
74679
74788
62045
63774
62213
61825
74606
62129
74465
62177
76649
72512
78316
75719
75453
73655
74033
47649
47453
71390
47454
75845
47486
76205
47590
47362
48286
47705
76194
75345
68332
68111
47735
75556
83932
49885
48291
47844
47818
47632
47452
75648
47819
47622
47667
47969
47532
75937
47415
47473
47573
47531
74655
47982
47733
48326
75162
76280
48203
47735
47755
47822
54051
75001
47514
47828
47588
47489
47642
47625
72213
47804
47929
