1311
1518
1524
1504
1460
1189
1662
1152
1153
1513
1600
1593
1526
3376
3059
2960
2901
3309
3539
3297
2908
2912
2974
3537
2947
3353
2910
2911
3100
2898
2898
2911
3352
3256
2898
2898
2913
2949
2916
2911
2898
2897
2911
3074
3274
2909
2898
2946
3190
2951
2910
2899
2899
2912
3346
2910
2948
3295
3183
2914
2909
2954
2900
2898
3602
2911
2951
2898
2899
2951
2909
3616
2900
2895
2912
2992
2952
2913
2899
2898
2912
2914
2950
3049
2897
3324
2909
2947
3233
3309
2941
2910
3143
2897
2898
2951
2910
2953
3094
2897
2896
2947
3352
2955
2898
2896
2910
2910
3561
2897
2898
3418
3482
1153
3764
4160
1162
3364
3731
3314
3260
3733
3569
1311
