79178
78036
76552
65791
50804
51416
50507
56073
50855
50672
75818
79498
50909
56977
66684
78715
77755
50532
78201
79885
76263
79994
50576
78972
78325
52741
51915
81041
78892
78509
50788
84200
79461
79785
80282
73822
50572
68764
54738
64760
66649
50705
68986
50702
78743
76250
79608
76989
79173
78080
78320
51386
79912
50557
77810
50655
78380
78997
50740
60604
50758
50559
56054
52096
78715
79153
51846
53101
51082
82628
69695
77644
50590
50655
50509
77655
79449
50905
59395
83292
76484
78617
54027
77537
50553
55007
79788
77928
53385
78396
78100
51634
51420
51548
79938
76652
51217
50547
50883
59226
