44062
49503
43921
44162
69790
43974
44348
43959
44141
74917
62109
44012
43974
74398
74298
73289
71664
72867
73283
44002
73000
75226
69451
84149
46083
45991
50448
44237
62989
44047
43918
44195
58767
44403
53900
61377
71234
70574
68986
75526
71246
72223
43909
43952
52654
49534
43930
72764
70787
61453
44005
43998
47383
44116
52688
54684
70973
44161
43992
44002
43918
65312
59457
71260
43972
44220
70036
72755
44018
71851
72918
43922
75356
75746
71861
72859
68743
71948
72147
43987
43998
44408
69921
66304
43957
58746
44072
62313
44992
45082
45130
45747
71563
45429
45685
43963
44728
61176
71466
44886
