2971
2926
2969
2969
2970
2955
2967
2974
2978
3025
2957
3093
2971
2972
2960
3060
3069
1044
2976
1044
2971
2972
2988
1044
1052
2971
1044
2954
3026
1054
2986
3056
2986
2987
2969
1584
3010
1082
3134
2987
3128
2972
2986
2968
1052
1048
3409
3214
3272
3284
3223
1044
1455
1459
1044
3271
1455
1065
3215
1473
1045
3243
1044
1045
1454
1056
3262
1131
1045
1045
1536
3227
1459
1466
1047
1181
1476
1455
1159
1454
1464
1043
2608
3252
1241
1479
3228
3218
1534
1096
2627
1044
1123
2639
1047
1574
2656
2622
2647
2630
