14164
6140
6122
5785
5755
6321
7322
7077
6138
6488
5962
6232
7044
14817
15839
15206
15067
13977
16028
14017
13957
13939
13961
13949
13977
16464
13983
16144
13952
13964
13981
13969
13996
13977
15463
15378
14288
13966
14556
14807
15215
15238
14872
13963
15209
13978
13977
13992
13944
13974
13937
14036
16143
15221
13945
13977
14915
13953
15238
14745
14819
13975
14088
15236
13989
15980
15177
15146
13968
15311
15365
18307
13973
14198
15241
15156
14731
13977
13976
15397
13937
13962
13936
14027
16075
13976
13977
17553
15951
13967
13961
14228
14068
13981
14245
14035
13974
13974
17429
13974
14175
13969
14604
13970
15201
14002
13977
16200
15211
14023
15833
16473
13962
15790
15682
15742
15758
15792
16012
15809
16983
15715
15712
5557
