4147
2440
4230
4101
4087
4104
4100
4154
4067
1700
4094
4562
5181
5132
5216
5082
5091
5076
5011
1626
4656
4084
4625
4648
4643
4732
1689
4699
1636
4897
4683
4715
1632
1626
4609
4625
1629
4706
1626
4614
4676
4632
4617
4639
4246
4663
4616
4645
3467
4158
4656
4793
4075
4268
4667
4106
4620
4702
4680
4673
2770
4635
2804
4868
4635
4644
4274
4658
4641
1633
4672
5057
1634
5071
1668
1638
4221
4222
4080
1633
2523
4095
4115
1629
2607
4136
1630
1633
4127
4179
4090
2450
1651
1628
1633
1644
1626
4141
1642
4129
