641
1296
478
1220
792
558
614
478
485
478
478
830
665
1557
1616
1664
1544
1543
1651
1589
1570
1565
1653
1544
1542
1556
1676
1557
1542
1543
1542
1569
1570
1650
1543
1650
1543
1212
1204
1199
1201
1218
1200
1202
1244
1201
1198
1649
1557
1558
1542
1543
1543
1542
1570
1556
1543
1542
1543
1561
1556
1543
1542
1543
1652
1557
1583
1546
1543
1543
1542
1594
1608
1543
1543
1199
1414
1200
1200
1199
1298
1202
1201
1472
1200
1201
1201
1213
1203
1202
1296
1201
1201
1213
1244
1201
1611
1326
1200
1199
1203
1674
1243
1201
1527
1213
1201
1202
1216
1199
1438
1213
1201
509
477
658
1195
1550
1195
1195
1531
478
1216
477
