8270
8236
8277
8241
8231
8250
8415
8274
8229
8287
8234
8250
8229
8221
8312
8244
8237
8259
8223
8212
8257
8502
8218
8231
8224
8248
8260
8255
8481
8252
8237
8250
8219
8216
8251
8450
5689
8243
8224
8244
8228
8363
8229
8277
8233
8231
8378
8239
8223
8243
8294
8300
8469
8353
8252
8231
8234
8265
8229
8258
8268
8350
8229
8227
8235
8249
8229
8227
9361
9363
9249
9292
9360
9289
9340
9286
9261
9250
9290
9328
4565
9247
9245
9263
9292
9257
9283
9427
9611
9289
9306
9267
9445
9266
9292
9289
9255
9585
9302
9323
