45714
44524
26069
20316
44220
46635
46684
18642
27143
48679
48935
44502
46648
18725
26150
25991
46319
46845
47290
28187
18635
46368
45742
18638
45067
45792
43631
44789
18774
18786
18711
45911
45803
18639
18663
33261
28006
18762
47148
18629
18765
45484
38826
49985
45404
18671
45591
28295
18668
47862
45754
46064
35303
45685
48303
46008
45848
18668
18670
45604
45880
23888
47738
18644
48106
46684
18692
18660
44676
40835
18839
18826
48299
18649
18731
45045
19596
19579
19264
19060
42235
23837
21626
45599
46454
18692
18645
18647
26954
44404
27985
27997
18656
46421
18716
18649
19030
44843
18644
18794
