51256
51151
51056
80247
51323
50993
50918
50914
51276
79408
51706
51173
78919
51267
50903
80962
51455
51369
50900
77839
51220
80100
50961
50919
81715
81653
51001
50899
51032
51021
51080
77928
51167
51276
51096
51221
50946
78142
79758
51346
51116
77971
51322
51088
50969
51029
72987
51220
79792
51092
50950
77968
51263
79200
51318
50939
50901
51107
51126
50992
50979
75727
51092
51389
51145
79910
50926
50984
51877
82264
78555
80337
72828
73630
80624
56970
51846
51000
51631
81075
80082
80380
64990
79576
51932
65552
51348
51019
81626
72855
80308
50888
57196
79054
78181
51712
77228
52015
50999
76227
