122381
98259
93544
93028
121415
97575
121196
122313
93072
123783
123299
127619
120803
93414
92963
92939
92967
93025
124405
124072
93001
99114
95399
122650
122650
120625
117201
121588
93206
93609
119428
93221
93065
92993
93113
119461
93482
94657
121769
95848
95070
94091
97748
93220
129066
115419
123379
122585
94224
98102
121353
122455
122339
122443
93324
93474
93714
93282
93369
93681
93126
93199
93922
92996
93217
93339
93168
93601
120158
93240
93621
93152
119709
93873
118636
93536
119514
93118
93124
119645
93246
93806
93359
121074
93860
94286
94616
94027
94160
120047
120558
114070
121635
119475
93122
94100
94404
93686
121090
93929
