91955
62392
62687
63951
64070
91641
90216
62358
62343
89065
62832
62346
62449
62366
62461
62341
62722
62710
62600
62607
62460
62425
62411
62683
90659
62483
63145
62421
62401
62756
62659
62357
62346
62372
62376
63475
90825
62606
91830
90108
93906
86787
65766
62786
62706
89570
62490
89525
89577
77768
62433
62842
93713
65896
92094
67944
86349
78238
62608
62370
89027
62662
62518
91978
62419
62607
62666
62713
62421
62873
62576
62684
63791
62439
62402
81404
67020
89686
92016
62603
70673
63399
93984
89508
88880
77719
78187
63036
78216
89474
87667
64517
91270
62780
62804
99761
62708
62522
89495
92450
