85138
82699
85653
83678
82424
82524
81863
80102
82744
82521
57726
79975
83152
81321
82027
55244
55156
83122
55422
55440
55241
55544
55315
55834
82057
55731
55230
55630
55356
54858
54704
83678
55427
81402
54820
76680
69433
54634
80496
78364
55306
80829
85444
84724
54815
54661
55021
54696
54714
54785
84023
84591
55409
55423
55363
55372
84514
82604
55156
90122
85037
55302
59494
77809
54798
54736
55911
54898
54644
54935
54648
55010
54946
79135
83272
54665
55249
54766
54649
83002
54894
81468
55125
55027
80414
54723
83178
55040
82864
83260
55168
54607
54622
84244
54649
54715
76953
88633
84404
82812
