9576
10161
10491
24221
28525
28271
9781
22673
22460
19616
10095
21790
10035
21487
22863
21501
21500
22880
21562
21522
21501
21496
21590
21498
24169
21493
21475
21485
21509
22297
21492
21545
21709
22906
21476
21473
21481
21611
21518
24182
21544
22627
21595
21561
21571
21516
21554
21509
21569
21607
21478
21574
22479
21639
21617
22097
22828
21991
21585
21528
21508
22044
22907
21500
21498
21496
21498
21496
21512
21491
21491
21542
21473
24289
21668
21645
21643
21645
21650
21668
21647
21633
21659
22967
21623
21522
21633
21478
21490
21474
22829
21534
21511
21528
22908
21724
21766
23344
21501
21520
21498
21550
21569
22789
21579
21495
21493
21551
21523
22894
21513
21501
21501
8627
8572
8654
8811
8998
8600
9121
9257
8628
8790
11920
