2838
6432
2734
2860
2598
2861
2453
2134
2536
2483
2424
3035
2919
5448
7425
5385
5385
5411
5420
5819
5384
5383
5387
5375
5395
7169
5371
6335
5421
5410
5405
5399
5452
5374
5425
5392
5439
5378
5376
5433
6221
5412
5433
5380
5383
5398
5421
5416
5421
5383
5377
5407
5410
6645
6087
6028
5431
5388
5378
5373
5429
5405
5408
5376
5759
5779
5699
5407
5407
5433
5381
6132
5414
5399
5421
5573
5414
5380
5377
5416
5395
5462
5968
5436
6885
5390
5800
5386
5379
5373
5386
5456
5402
6284
5414
5406
6486
5387
5614
5987
5635
5465
5387
5378
5391
6101
6056
5418
5380
5378
5378
6554
5378
6555
6178
7266
2329
6913
7154
7002
3662
8371
6157
2140
