87124
86271
85840
85913
88983
86899
86299
87733
90743
89648
88938
59725
62239
59632
86718
86044
58662
87284
58479
58471
58401
86450
58771
58437
58485
58653
58947
58703
58858
68069
58955
74983
77137
58619
74130
58488
88955
85913
87463
90907
75251
61788
86076
58452
58472
58404
58385
58399
58529
58389
58397
58465
58443
58530
58576
58468
58801
58387
58391
86916
84152
84334
58485
58414
84513
85430
58968
58669
58421
58428
58494
77771
58442
58443
85529
87360
58613
58554
58494
58398
58474
58398
59059
79371
84904
85952
87621
58441
58801
58912
86429
87806
68352
88683
58460
85817
72241
89571
78141
60662
