11728
11722
5523
4207
4661
4208
11811
11755
11312
11671
4553
4609
4568
10464
14000
10443
10504
10462
10438
10435
10454
10492
10460
10409
10411
10436
10844
10432
10449
11425
10430
10492
10518
10445
10427
10456
10409
10436
10418
10452
10454
10472
10436
11696
11842
10438
10420
10441
11814
10439
13223
12996
10439
10434
10418
10521
10513
10407
10404
10411
10431
10418
10443
10435
10510
10405
10416
10476
10453
10459
13134
10434
10437
10454
10439
18641
10404
10424
10411
10437
10434
10462
11331
13990
10443
10414
10463
11813
11788
10510
10481
10531
10489
10478
10488
10497
10499
11812
10431
10514
10487
10457
10442
10444
10442
10410
11796
10524
10457
10457
10446
10444
10448
6232
4363
6781
4720
6220
4629
13059
6257
4549
6262
6431
