3158
2772
2772
2944
2034
1997
2285
2761
2769
2008
2078
3604
2086
4956
6773
5106
5160
5163
5184
5107
5553
5166
6335
5382
5159
5081
4990
6732
4991
4970
6077
5041
4995
4959
4955
5029
4964
5004
4968
4974
7503
4979
5867
4992
5014
4990
4978
6433
4978
4953
4971
4968
5012
4978
4978
4974
4974
5608
4952
4963
4986
5007
4953
4963
4956
4953
4955
4953
4958
4979
4960
4959
5024
5034
4958
4933
4958
4976
4980
4995
4979
5293
4958
5364
4960
4939
4994
4973
4961
4995
4951
4966
4945
4955
5241
4985
4982
4973
4968
4985
4976
4966
4950
4985
4970
5039
4985
4956
4946
4957
5046
4939
4948
2074
2736
2429
1965
8070
6004
6233
5224
2099
6518
2709
