34330
23571
18388
25191
43959
13599
16202
13559
14567
33579
36402
14326
16201
38386
18882
18902
18904
18879
18881
19022
18912
19636
22383
18893
18894
38403
34112
34558
34501
34366
34252
34478
38249
34183
34946
34167
35498
34136
34165
35465
35479
34163
35560
34118
35573
39570
34161
35486
34243
34142
34182
35522
34216
35577
34130
34137
34148
34229
34616
34279
34208
34144
34390
34118
34139
34147
34160
34329
34124
36326
34101
34409
34135
34284
34149
34222
34216
34446
34305
34374
35668
34313
35655
34337
35916
34304
36056
38234
34307
34129
35649
37019
37629
35757
34180
34128
34128
34110
34202
34143
35585
39489
34146
34118
34136
34240
34126
34135
34239
34328
34124
34254
34119
42333
15781
14393
15955
15760
17498
14076
13567
14244
13557
18888
