125353
98430
98478
98286
98275
128838
124551
125912
99398
97955
125701
98446
98286
120207
126124
128085
128170
98660
99528
118210
98060
98008
98035
98356
98149
98435
98097
130163
128126
126031
98539
98798
110145
124607
98154
124733
98063
124646
98165
98283
99147
125354
123617
98254
98227
119260
128060
126290
98141
125862
125406
97877
127173
98430
98005
97918
98382
97965
97955
125106
124243
98039
125193
98793
125448
126545
98192
125981
98582
97930
97885
97913
97872
126283
98089
125719
116510
126361
98076
98532
98468
98440
98092
97875
97954
98185
98146
98134
98021
98004
97987
98199
98566
127261
125778
98511
124475
98193
125634
126895
