7366
6209
2328
2926
2335
6651
5937
2477
2371
6058
3216
4166
3155
5921
5881
5919
5885
5889
5889
5873
7239
5932
5923
5908
5905
5870
5885
5873
5867
5872
5867
5866
5867
5882
5889
5864
6008
5882
5882
5932
5904
5929
5901
5915
5910
5909
7248
5902
6768
7031
5887
5869
5884
5869
5867
5867
5866
5944
5863
5878
5945
5874
37027
6095
5881
5985
5948
5883
5980
5927
5915
6097
5968
5912
5963
5948
5872
5886
6306
5872
5920
5947
5920
5887
5963
5874
5868
5872
5913
5916
5919
5869
5884
5892
5894
5933
5881
5957
5902
5902
5946
5935
5910
5876
5937
6293
5958
5875
5928
5884
5938
5870
5963
3267
3268
4252
7154
2793
2789
7235
2626
2529
2376
3371
