11146
10644
18254
10909
11121
10062
10194
13192
11197
13343
26769
10185
17895
24526
24502
24526
25767
25538
24449
24943
25762
26742
27139
27003
24496
27110
25784
24450
24470
25796
24494
28284
24544
25914
24479
25783
24546
24749
27045
25770
25163
24759
24459
24616
24517
25783
25794
24502
27220
25551
25768
13528
25644
24483
25763
25587
24484
28610
29424
24490
25735
24476
24650
28319
24469
25773
28592
25550
25356
24499
24514
24814
24483
28302
25751
27054
24456
25289
25740
24454
25440
25729
25765
24495
24488
24538
24455
25745
27047
24476
25767
28307
30399
25778
25795
25759
25354
24692
26917
25331
26555
24405
11693
9875
9734
9736
11882
10154
14749
9720
13514
10778
24312
10312
10176
27883
31259
12452
27750
27638
29057
27746
27709
9729
