86062
82809
67139
85639
66971
98209
67023
94874
93178
95996
93997
68037
83796
66815
96164
93884
95711
68010
68409
68017
68172
68287
94466
95874
69493
96598
72794
68475
66776
66455
67347
66954
66689
95339
92993
77869
94934
67854
93391
66731
67182
66888
66709
92574
97615
94489
93659
66949
66934
66885
66867
66817
66960
94265
66697
66970
94920
66925
66767
66418
95750
94838
82932
68860
67236
67143
67875
67298
67298
97759
66721
94038
85874
95136
68995
96155
96567
70658
67028
98636
93224
67203
79990
94327
93746
67695
67024
95767
95195
93193
66891
66884
95906
66701
66849
68430
94014
95387
93243
94903
