52610
32374
24814
21316
34748
50793
25883
22115
22828
20986
19803
21459
20509
19826
19739
19741
26733
22433
19735
19740
19771
19734
19763
19805
19740
19735
19740
19798
19782
19740
19804
48449
49646
46972
50197
28274
19724
46327
28450
19820
19735
29711
19732
29625
19729
29615
19761
29634
35795
49320
46947
19743
19849
19737
50336
50288
48679
47889
19774
19944
19811
19778
20374
19786
19728
19747
19789
19732
19755
48024
26413
47980
27475
48176
27482
19799
48591
47802
19739
48086
19764
49098
19747
47123
48110
49347
47931
48935
51567
47408
19776
21094
19807
19890
19741
20488
19797
19794
22224
19809
19780
19741
20224
19802
19793
19781
19811
19825
19785
19807
21144
19822
19803
29889
47337
28505
22321
39918
20908
20574
22205
21634
45975
27595
