46704
29593
32147
32319
42744
55772
27781
27991
26726
29964
27330
26971
27153
38440
25281
46916
25263
25276
53652
26484
25273
25255
25273
26837
25923
26545
54253
25804
25295
27711
36143
25255
37138
53446
54009
53943
53784
25651
53646
27222
54997
53949
53004
57855
37905
53334
27211
29826
25894
26478
56440
59171
25938
26572
25265
25262
25631
25256
26505
25265
25258
25266
25452
26675
26540
27846
25258
26551
26555
25266
26953
26383
25473
25280
25347
27012
26530
25277
25272
26569
26940
55011
56873
26799
52609
27876
54945
53004
53627
52612
25315
60948
53125
53641
25256
25262
54272
57246
25254
54705
55317
25270
54361
54944
25303
26484
25288
25259
25295
30070
25295
25321
25283
27304
48789
26116
27641
28101
28111
53295
26516
27009
28877
25273
