28061
28385
28170
27977
27978
28054
28359
27988
28072
28132
28219
28134
27998
28111
28043
28108
28169
28009
28023
28046
28327
28047
27975
27972
28028
28242
28132
28208
28077
28031
28016
28481
28424
27933
28306
28006
28142
28023
28068
27925
27950
27994
27959
28002
27916
27964
28075
27938
27993
27948
27984
28319
27952
27996
27983
28078
27996
28173
27992
28640
28309
28328
28002
28044
28050
27983
28061
27956
28077
27956
28141
28058
27985
28390
28133
28084
28010
28070
28048
27940
27968
27945
28097
28106
28088
28058
28033
28338
28008
28273
28124
28446
28102
28096
28272
27951
28031
28104
28193
27977
