834
820
598
822
612
621
912
708
595
607
1608
1270
802
587
673
593
587
599
593
587
587
587
593
593
593
599
587
587
600
1661
587
593
592
594
586
587
1753
587
587
586
586
593
587
586
586
593
587
594
587
587
587
593
594
596
586
654
587
587
593
594
587
593
587
587
593
587
593
586
587
609
587
587
593
587
593
587
587
639
587
587
605
587
587
587
587
593
593
593
647
593
593
587
586
587
593
593
594
593
593
608
587
587
593
587
593
587
586
587
593
587
713
587
593
826
809
803
587
593
1577
1098
813
805
867
711
