36042
36071
35874
35961
36192
37720
35898
36072
35952
35890
35953
35885
35972
36062
36121
36188
37535
33284
31745
32155
31720
31708
12734
32087
20247
33012
37383
35906
38824
36084
35960
37873
36086
14224
14154
13162
36060
34341
34568
13628
12741
32140
13747
32214
33189
32829
26539
13865
31838
12995
31903
32091
32020
13413
13134
33492
33175
12695
12738
12707
30522
13068
12761
31962
32122
31998
33691
32267
32296
31901
13061
13005
31989
32629
12749
31879
31982
13422
31876
31862
31879
32062
32165
31967
31933
32162
31851
32062
13970
31915
12658
31670
12648
31702
25274
31642
12842
13148
29390
12827
