21015
20308
8488
22140
9272
21842
8629
21208
9722
8339
8741
20092
9430
21238
21071
19680
19681
19675
19676
19970
19856
22382
22402
19677
19739
19780
19677
19763
21396
19785
19723
21048
19735
19715
22310
20349
19681
19679
21052
19648
19657
19642
19841
19685
19655
19676
20675
19676
19680
21063
21054
19670
21346
19809
19864
22286
20160
21831
7814
7832
7864
8805
7839
7942
7847
7858
7833
7814
7823
7840
7818
7810
7812
7810
8471
7816
7827
7817
7843
7818
7830
7835
7817
7836
7810
7821
7833
7849
7874
7810
7809
7855
12651
7823
19564
7822
22239
7815
23007
7819
19548
25665
19651
19674
20409
19650
19673
19706
19731
19718
19856
19749
19678
7874
8425
7914
7905
7936
8437
7882
7889
8781
9271
10887
