51114
24219
24549
24410
25529
26586
24322
24721
25879
52396
26579
25009
25811
24067
24041
25403
24051
24664
24031
56558
54057
26618
24014
25617
26614
25319
24021
25377
24023
25478
24022
26147
24017
24023
24022
25731
24040
26305
55171
51560
24008
27898
25288
25311
24003
53610
23997
34578
24004
39886
24016
36044
24266
36023
25560
59447
34067
24038
52553
24030
51117
50256
24026
24013
27913
28289
26824
27227
24041
25298
25169
24022
28730
25922
28461
25339
25309
26337
25301
24041
24018
54626
52220
24040
24017
24029
24023
24067
53606
52085
45071
24045
36377
24050
37118
24026
39509
24019
38446
24004
37126
42826
27497
34819
54145
37148
24005
36331
53938
39961
24007
38415
56330
25925
26187
26160
24233
24268
25028
25512
54654
25292
25202
25324
