18642
18636
18652
18631
19991
18643
18636
18635
18635
18791
18679
19534
19480
45758
48877
18688
46251
46595
18658
18686
18711
18649
18647
46498
18723
18679
18706
18687
18677
19762
19640
44600
45548
42128
48324
47695
46384
18696
22122
18687
18712
18681
18692
18627
18631
18688
18629
47122
25444
25946
26169
25944
26014
27331
25953
26177
26198
26028
27321
25990
25953
27371
28674
25960
27372
25959
48430
49741
41514
47419
18691
18635
18663
18643
46718
47073
46695
18621
42958
46306
18625
18635
48387
46052
18632
18631
18628
18631
18637
18687
18634
18636
18841
19996
18640
18664
19992
27920
18631
28073
18706
28028
18693
18621
18681
18629
18688
18635
19468
49100
48020
46727
18690
20364
34736
47884
21866
18982
18956
40441
22868
22819
26037
25934
