14549
15811
15062
15571
40891
37892
40621
21920
26511
30258
18776
16005
17966
36756
36731
36711
38064
37407
36732
36815
36740
38075
36766
40855
38193
36578
37409
37019
37260
36626
36722
36722
37377
39407
37075
37130
37095
36654
36743
36776
38825
36735
36732
39365
36723
36739
36760
36508
36758
36720
38052
36715
36728
40100
36736
38096
36739
36759
36725
36751
36735
37221
37094
37944
38135
36758
38096
36959
36760
37003
36940
36792
36873
36743
38121
36854
36495
36783
37053
36906
36797
36637
39240
36653
36600
36605
37943
36518
36668
36527
36566
26631
20218
20214
24792
41098
38377
36651
36909
44108
26688
22760
21504
20641
20344
36566
21618
20346
20331
21469
36500
36543
36731
14570
15486
15535
20209
32744
17152
18084
16846
55407
15160
20317
