103777
133113
132745
130244
103727
104147
131941
103733
132220
129682
131726
131722
103988
103765
103630
132707
103971
104533
104004
132053
132737
125516
125292
132794
133843
129888
131130
133885
130439
131811
132880
133086
132437
103685
104064
104007
131952
103794
103585
103577
133100
132139
130290
103726
103760
103878
131948
103965
103894
133615
104133
103820
131944
134360
131230
103604
132374
103703
130186
104881
104671
134293
131303
103905
103979
103702
132656
131850
131902
103835
103983
103718
103688
104045
103824
103821
103912
103895
104590
104246
103946
104359
103960
104061
104289
104543
130272
103881
132380
132395
103704
130327
104707
104316
104697
104235
104703
104012
103898
132410
