23156
22030
21465
21338
21701
23821
21696
45949
49660
48134
20940
22421
21822
20933
50417
21622
50601
49745
50913
48578
20948
20906
20952
22276
20940
20957
20963
23600
20935
22270
20958
20930
22270
50469
22248
49952
51388
20951
22275
43446
30509
48616
50938
31172
52106
48906
20973
20953
22283
20906
22252
20933
21723
20968
20897
20958
20957
20958
20941
20943
20957
22281
20896
23610
22244
22270
20971
22276
23253
49885
49924
20893
20927
40629
20874
49013
49358
20933
49578
51967
48700
20877
51876
22265
48245
20931
20937
48994
20911
20897
21425
20981
20881
20881
20873
22273
20942
23588
20872
20885
20880
20919
20926
22258
22234
20888
20889
20877
20922
20881
20888
20944
20939
22598
50029
23516
49111
21186
22079
21179
21961
21588
22442
29093
