9016
8469
8080
3202
8129
8239
3184
3188
3182
3184
3181
3186
8083
3184
7964
7959
7990
8051
3199
7991
7997
8267
3183
3484
8032
7982
8027
7962
3316
7954
3175
3222
8095
8307
8011
3183
8021
3193
8350
3234
7968
3357
3486
3185
7983
7983
7998
8471
3182
3731
3173
8066
4840
8234
4799
3305
4790
4785
3190
4797
4852
3210
3185
4768
4777
3183
3184
4814
4770
4822
3183
4775
3201
4792
8004
8352
3183
8013
3191
3188
3181
3246
5020
3185
3194
8346
3247
8925
3180
3180
4847
3624
3272
3216
4837
3238
8462
3701
3196
8008
