6224
6584
6221
10609
6234
4194
6223
4147
6237
6235
6216
6273
4235
10402
10525
4161
4185
4233
4167
4164
6535
4149
4337
4267
10514
4206
10469
10358
4163
4157
6965
10558
4274
4187
6232
10656
4182
4185
4341
4190
4152
4351
4431
10734
4479
4221
4152
10619
4166
10422
4935
4251
4255
4231
10400
4148
4179
4156
10411
10626
10665
4152
10418
10390
10434
12300
4199
4196
6253
11796
11741
12006
11770
11773
4171
12741
12723
10523
5980
6011
10490
12779
12742
4385
12754
5857
12738
4191
12736
4153
12975
10721
12740
12353
11793
12049
11784
11997
11831
12057
