14531
23872
15109
14602
14866
14677
14606
14614
14654
14632
15327
36660
14663
36377
37390
41213
41343
37011
20295
41715
20521
20479
20440
36998
41401
43009
14586
14559
14586
14580
14575
36741
14586
36556
37365
41361
44688
14583
14599
14610
14648
14839
36367
37639
41278
44359
14951
36645
36397
37104
41310
20485
20442
20627
39596
36923
36732
36833
36627
34088
36607
36544
36945
36898
37136
36774
36849
37183
37001
36950
36973
36720
36782
36627
36854
36639
36921
37100
16090
35913
14577
14569
14524
14545
14529
36443
39309
41184
41359
41362
21033
20253
44851
20598
20436
20241
24749
40100
14527
14807
