2733
2735
2732
2734
2735
2823
2726
2720
2735
2737
2895
2866
2803
2901
2731
2784
2786
2758
2753
2752
2763
2752
2755
2752
2755
2737
2740
2778
2807
2753
2752
2754
2754
2756
2812
2756
2739
2739
2738
2747
2803
2753
2754
2763
2751
2751
2736
2739
2738
2753
2755
2754
2751
2751
2763
2768
2754
2739
2738
2739
2797
2756
2753
2752
2753
2754
2763
2745
2753
2744
2764
2755
2780
2754
2754
2752
2788
2759
2739
2759
2754
2752
2783
2759
2754
2754
2752
2738
2918
2741
2760
2775
2823
2755
2768
2754
2739
2758
2738
2739
