2870
7352
2748
3322
7690
3980
7608
7567
4758
7645
7407
4096
3778
6901
6919
6910
6960
6933
7488
6976
6876
6985
6938
6956
6877
6963
6924
6950
6910
6974
6972
6935
6932
6894
6964
6915
6968
6990
6903
6954
8425
6902
6889
6987
6945
6890
6962
6888
6981
6888
6946
6896
6962
6887
6998
6978
6914
6983
6965
6974
6916
6949
6888
6968
6948
6911
6947
7035
6878
7187
6913
6917
7016
6882
6956
6958
7219
7951
7003
6894
8232
6920
6964
6992
6928
6897
7670
6884
6927
6909
6926
7891
6892
6961
6963
6934
7291
7486
6929
6925
6977
6960
6964
6921
7003
7020
6936
6949
6904
6927
6904
6886
7604
2775
3267
2731
2980
7806
3783
4393
3785
4146
3779
4498
