111102
84212
112923
112730
110393
112459
112848
113463
113395
109499
112107
112593
113409
112292
113111
113388
107254
112461
112582
84362
112167
112822
112914
112903
110791
84085
111399
111537
113262
112240
112742
113473
112510
113546
112880
110669
111511
111999
113382
112936
112735
113046
112934
84160
112431
112550
112758
110687
111928
113022
112388
84022
109626
113429
111781
112811
114079
84610
109935
84662
84874
84759
84967
112972
113457
84680
110386
84171
84550
84052
84085
112352
110343
85212
85084
84620
84259
84599
84554
84799
84233
84399
84774
84890
85343
85018
84960
85513
84566
84258
84354
84426
84327
84193
84196
84593
85087
84677
84447
84872
