71073
40322
69216
66770
66624
40360
40313
58400
68335
40535
40488
40616
40663
68783
40642
40595
40536
40511
54739
40329
40400
67333
53922
67406
41066
40689
40462
40662
40421
40293
40263
40275
40482
54629
40276
40357
48588
68053
40616
40391
40743
40995
40474
54582
40574
40403
40293
65571
40580
40498
46252
40330
40367
40326
40471
69037
40445
68423
40485
40503
65259
40742
40729
40837
40966
40720
40490
40598
40902
62112
40396
40394
40427
68287
40636
44853
64907
68140
41755
70771
41134
41330
67632
40518
40864
69130
67189
46100
40325
40564
68362
43508
64055
40907
41257
40646
40602
40306
41336
40564
