59811
72513
67229
71732
69995
70621
46030
66589
70686
41017
63228
40995
68010
70378
53422
67711
40931
41000
69141
41642
40868
40785
40764
75296
69332
69960
69764
72228
67572
67870
69441
66221
69217
66287
40626
70327
62281
67897
70357
71485
68152
40623
40633
69865
40971
52299
40777
40753
40742
40758
41069
40707
40681
40730
40630
40696
40698
41383
40860
40802
40687
41183
41755
41890
41469
41355
40973
41099
41166
40944
41207
45636
41253
69441
69108
40727
40728
40938
68160
40787
69281
40764
40738
68567
40627
40897
69661
40981
40705
41019
40737
40916
40822
40723
40797
67980
40670
40870
60493
40609
