9759
9913
10031
25350
10402
10526
26623
14761
14419
12367
12688
23757
11160
23410
26111
23395
23424
23593
23402
23389
23969
23399
23378
23408
23488
23410
23489
23410
23480
23389
23417
23422
23393
23397
23375
23459
23452
23400
26103
23408
24054
23395
23412
24755
23407
23398
23501
23421
23470
23400
24227
23533
23422
23395
23458
27307
24790
24829
23418
23401
23377
23431
23625
23385
23411
23526
23508
26128
23504
24815
23467
23418
23408
23417
23456
26126
23454
23380
23412
23408
23397
24788
23449
27419
23400
23944
23396
24085
23838
23552
24720
23535
23567
25101
23672
25381
23402
23573
25560
26711
23902
25224
24745
23449
23418
23424
26098
23551
26492
23550
23386
23517
24874
9800
9488
9385
9400
9672
9387
9371
9391
9377
10870
12955
