16639
16661
16789
16646
16615
16654
16647
16629
16639
16635
16652
16809
16704
16654
16632
16704
16655
16664
16671
16644
16677
16642
16695
16658
16651
16692
16827
16618
16660
16691
16671
16687
16668
16635
16669
16632
16713
16620
16660
16652
16644
16621
16644
16631
17023
16648
16651
16662
16785
16611
16617
16628
16750
16656
16624
16675
16736
16680
16649
16681
16649
16659
16637
16707
16613
16675
16681
16685
16679
16648
16671
16966
16623
16666
16627
16812
16719
16655
16916
16521
16625
16703
16996
16663
16820
16657
17077
16712
16648
16621
16753
16806
16913
16665
16651
16619
16645
16815
16666
16638
