7761
7681
18858
21111
8400
21425
24167
22400
23171
20839
8227
9608
8262
18943
20980
20166
18892
18908
20192
20151
18874
23714
20151
20171
21383
21398
18883
20103
22699
18870
22333
18896
20073
21566
20654
18880
18914
19744
18892
18866
21402
19838
18970
18868
18902
18876
21250
19126
18880
20147
18892
18883
18898
20809
18870
24238
23090
23006
24331
23020
22974
26773
21256
23006
24435
18910
23412
24323
23015
24264
22983
23018
24254
24286
23203
18873
18846
18889
21387
18903
19238
18888
18876
18843
23432
20120
21091
18877
18854
18880
21284
19262
18883
20156
21375
18849
20135
21424
18872
23569
18875
18859
21391
18908
20708
18966
18880
20136
18860
18885
18885
18931
18862
24495
22103
23250
29315
29329
23482
22769
8053
26829
10557
7509
