30314
47055
36580
46851
20545
48977
20546
23988
23493
29289
31888
23092
49597
20592
20435
20454
20446
20434
22728
21726
21717
21026
20486
50712
47989
29440
20410
31920
21694
31912
31444
20407
31920
52423
30617
21714
30641
34010
48466
20465
48396
46577
20456
20457
23311
21127
20457
21643
20448
22698
20421
20422
21724
22206
22976
20483
24198
52389
47713
30216
20408
34226
20417
20408
31360
20418
34547
20409
31830
20408
31863
30429
51465
49512
23024
21698
20413
20416
22965
20424
20414
22999
20435
20410
20441
20538
20417
21348
49530
20409
20408
21696
20536
21710
20418
20410
23395
24297
20415
20412
21711
20410
20416
20550
20411
20410
21820
21712
20409
20412
50669
50768
25188
32259
22957
32010
21738
26116
24796
24161
23269
39020
44386
43133
