1712
1634
1462
4567
1780
1905
1708
1760
1902
1906
4109
2020
1919
4431
3693
3778
4014
3687
4386
3670
3640
3676
3654
3685
3687
3653
3650
3727
3654
3940
3697
3638
3652
3972
3673
4407
3647
3666
3656
3648
3679
3651
3656
3675
3653
4390
3651
3694
3657
3701
3650
3733
3655
3657
3641
3658
3660
3655
3656
3640
3654
3680
3652
3856
3639
3654
3653
3654
3652
3652
3956
3653
3647
3652
3653
3652
3652
3641
3651
3936
3696
3650
3651
3693
3652
3646
3692
3652
3687
3681
3653
3655
3656
3699
3659
3717
3654
4090
3652
3655
3651
3781
3659
3640
4046
3651
4799
4822
3663
3644
3656
3701
3650
4143
4123
4219
4147
4280
3621
4138
2089
4117
4562
1447
