17452
16591
16715
16909
17906
20167
16613
47213
16556
41488
17294
44752
17629
23138
23135
23160
23162
24453
23116
25877
24024
26141
23121
45661
23088
16602
40863
16502
16509
16510
16508
16496
16521
17459
17869
16505
16494
16545
16494
17865
16600
16495
16504
16495
16493
16558
16848
16557
16498
27753
20269
41537
41533
41597
41545
41834
42508
23103
42908
24653
23226
23393
23419
46725
35991
45769
16509
43983
16503
24754
16498
24754
16496
24369
47516
16832
17902
16561
17939
46130
46194
45676
16582
17496
41384
16547
46654
17872
16654
16855
16555
16905
16570
16911
16691
22599
16575
16578
16594
17664
16504
16540
16515
16511
16587
17143
16524
16531
16509
16520
16661
16552
19198
17665
20932
21985
17937
18121
17465
17376
17168
17012
19306
45875
