12015
32013
33304
13276
12298
30871
21104
18606
35839
13780
12413
11997
12543
29604
29597
30957
31374
29605
30383
29645
29684
33621
29613
29599
29571
29617
29634
29619
29622
29679
32013
30977
29610
29619
29632
29604
32373
29841
31031
30853
29658
29681
29643
29661
30082
29606
29630
29593
29592
30959
29727
31759
29593
29660
29765
29572
29610
29741
32444
31118
29772
29769
29800
31124
29792
29842
29979
29784
31273
29664
29730
29744
29606
29650
29623
29741
29596
30998
30993
29571
29595
31018
29606
29679
29675
29611
29643
29610
29695
32747
29793
29758
29593
29612
29601
29670
29643
29722
29606
29795
29621
29626
29610
29610
32062
32503
31684
30339
30046
29782
30711
31812
29830
17699
13378
16627
14539
12413
20254
12611
12126
12674
12732
11750
