89169
89143
89369
89066
116182
89127
90968
89276
88834
118200
114258
88752
89129
117565
89043
89145
89248
90212
88863
88881
88858
88831
89077
89028
116672
89236
89091
116300
116920
118330
113651
126111
100032
113845
91451
118020
90076
89359
89423
97381
91818
90153
89346
93527
88920
88893
116727
89031
117164
117520
116481
89201
90454
116553
119684
93866
118997
117307
122978
119450
89460
90611
90393
117154
88719
117695
115710
116822
117117
117072
117374
116206
116827
117912
116733
117343
117356
89058
116442
116821
117075
117399
95532
117270
117727
117650
116966
117207
106049
89969
104041
119438
116291
118004
89368
89481
89579
89476
115909
89185
