2841
6655
2776
2531
7320
4740
7276
2645
3108
3461
6411
3603
2636
7399
7599
6383
6391
6401
7512
7588
7147
6390
6355
7997
6386
6425
6353
6361
6380
6385
7281
7635
6354
6379
8039
7234
6354
8033
6387
6348
7537
6385
6385
6770
7131
6377
7797
6852
6454
7478
6497
6386
6778
7608
6354
6442
6394
6395
6621
6391
7297
6446
6356
6383
6448
7604
6388
7381
6352
7588
6387
6465
6372
6400
6357
6352
6356
6355
6380
6384
6509
6366
6750
6387
6386
7616
6358
7588
6481
6390
6437
6351
6350
6354
6382
6431
6386
6366
6545
6390
6799
6393
6431
6395
6352
6349
6353
6354
6357
6392
6507
6387
6397
7328
3315
7169
7608
7173
7493
7200
7619
7174
7654
2530
