3942
5305
9971
3962
3949
3958
3995
4271
9950
5025
3889
4099
3893
10002
9797
11020
9768
9776
9752
9776
9772
9750
9790
11004
10304
10935
11050
9801
9786
9824
9912
10481
10714
9760
9780
9796
9762
9776
9788
10357
9781
9761
9778
10656
9806
9776
10495
9816
9781
9810
9979
10018
9766
11352
9789
9791
11204
9756
9775
9753
9807
9862
11563
9784
9757
9840
9779
9757
9859
10312
10279
9765
9785
9760
9859
9823
9778
9792
9944
9760
9770
11110
9873
9787
9802
9781
9789
9762
9761
10643
11051
10012
9824
9774
10964
9766
10046
9777
10139
10218
9768
9796
9778
9760
10825
10656
9791
9782
9785
9758
9758
10700
9765
11016
11009
11021
11433
11050
11052
11030
11206
10998
11033
3878
