737
923
1004
2178
675
1016
1748
669
798
868
1687
701
925
2277
2276
1680
1743
1784
1792
1695
1735
1682
1742
1683
1734
1714
1698
1723
1742
1683
1682
2333
1696
1718
1697
1682
1683
1684
1697
1694
2326
1695
1681
1741
1683
1683
1754
1754
1754
1682
1682
1682
1685
2254
1802
1692
1734
1683
2323
1683
1683
1734
1869
1743
1682
1681
1683
1683
1732
1694
1683
1681
1682
1682
1694
1734
1693
1743
1742
1741
1732
1692
1698
1685
1743
1725
1683
1694
1695
1682
1742
1683
1683
2035
1700
1696
1744
1681
1681
1694
1993
1695
1725
1682
1745
1743
1695
1701
1683
1742
1681
1685
1693
1734
1746
1773
1732
1673
1702
1672
1822
1688
1688
692
