23339
17432
23820
23351
23412
48571
16732
16957
16804
16811
17019
27827
45623
16756
16767
16747
42040
45840
23408
23383
23654
23383
23347
46681
16963
16891
42543
25410
23489
23410
23592
48149
16774
34072
43933
23323
23307
23609
23346
47080
16744
16756
16760
16744
16789
16811
16910
45016
16803
42445
42856
25452
25655
22434
48423
16740
16789
16905
16987
41926
25351
24291
23414
37200
42282
47726
25831
25794
25727
42853
23344
48494
25145
40293
29561
42480
23375
23660
23360
23399
23503
23420
23503
45914
16835
42055
25180
25328
46353
16781
39506
16848
16835
16748
18725
42301
43688
23371
23327
46901
