32499
32389
32408
32503
32470
32464
32527
32578
15272
13006
32400
32153
32336
32366
32591
32421
32621
32384
32564
32367
32443
32544
33024
32505
32471
32460
32447
32364
32617
32434
32576
32491
32493
32369
32535
32514
32922
33751
35904
39397
17923
39585
17924
18272
17900
39405
36638
37807
33857
12855
13050
32726
35565
34144
32479
32408
32518
32540
36910
36595
36689
36312
32630
32385
32423
32749
32650
32418
32631
32371
32797
32355
36512
36475
36496
36437
36568
36611
36542
36436
36725
36757
36505
36630
36441
32749
32370
32464
32412
32478
32579
32785
32414
32616
32525
32653
32371
32491
32693
32525
