88977
91712
91414
88328
92180
90631
61932
88193
66679
75696
62514
62483
62662
62482
91025
91218
93590
93528
91990
88668
94442
62585
64847
67020
92146
63719
67778
77077
89747
88562
84689
62533
67050
68350
64718
92173
64565
90109
64377
77687
66062
65865
86440
81551
61912
63381
63031
63795
87895
62376
62003
62298
62070
62837
91319
92432
93460
90904
62095
67225
62156
63435
61977
62305
94055
77311
88932
62058
90529
90977
89968
61970
62022
61959
62347
90855
62978
88861
61897
62162
62041
61921
89696
62890
63283
62541
62058
62131
87657
90892
62184
62030
62188
91306
62244
62262
62553
63141
62594
90022
