5890
6289
17974
16557
5970
7190
8183
8158
7112
19558
6954
6893
8188
14797
16101
14847
16602
14838
14763
15215
14762
14815
14783
14813
14784
14810
14749
14786
14786
14662
14737
14778
15115
17430
14708
14804
14752
14798
14763
14790
15759
14761
14821
14778
16122
14790
14843
14778
15523
14774
17572
14776
14782
14741
14769
14657
14752
14775
14816
16111
14817
15932
14803
14799
14821
16207
15955
15052
14743
14719
14675
14725
14732
14742
14734
14710
14693
14811
14698
14801
15257
17887
15706
16491
16002
18192
14778
17474
14879
17494
14676
14804
14745
14731
17933
14709
14884
14824
16099
16075
20558
19447
14846
14679
14698
14669
16098
14681
14687
16084
14709
16014
14727
5941
6465
6274
5967
7042
5899
5910
6125
6398
6448
8138
