42230
29733
13815
16247
12107
32586
14004
30719
12238
11135
12347
19841
12208
27651
27543
27659
28957
27610
27433
29765
27607
27654
27618
27559
27644
27604
30300
27647
27611
27636
30283
27628
27650
29968
27596
27481
27595
27618
27917
28978
28909
30850
27692
29110
27526
23045
15193
27700
30973
15675
27447
15192
15183
15202
30956
15223
31133
15192
15175
15193
15210
15218
15202
15185
30858
15183
30869
30890
27591
27605
27453
30073
29322
27596
29317
29255
27534
27464
27441
27562
27444
27448
27425
27434
27445
28865
27471
27459
27452
28841
27470
27516
27455
27537
28889
30179
27453
27457
28845
27474
29029
27442
30205
27491
27515
27472
27466
27470
27561
27525
27452
27470
27476
15017
11934
14614
12421
33915
17799
15647
15651
16442
16411
15221
