43872
25960
24581
25078
51177
17586
17571
17542
17632
17562
17616
18472
18996
17555
17562
17556
17601
17719
17561
17564
47597
47884
23522
17588
17585
17606
17563
17587
17558
17549
17607
17570
17542
17541
17547
17553
17545
17547
17554
17542
18888
17600
17557
17562
17555
17542
17569
17557
47289
24023
46831
18909
43963
47658
24714
23999
48422
17573
17551
17572
17545
17814
17554
18910
18914
17554
46262
17543
19126
44010
47280
45123
23794
24445
24452
24539
24449
47643
43601
17548
19970
47619
17544
18052
47935
18886
43188
17555
17547
43989
23956
47803
17556
17556
17559
17601
17609
47994
44677
17566
44788
46317
18941
43878
50896
27673
18781
28702
17607
49143
47444
25869
44619
41267
17988
18160
46813
18432
17970
18331
35916
48012
30714
24433
