71415
71479
99148
98298
71228
97279
99785
98443
100284
72497
100694
70950
97069
90736
98315
97187
70868
98470
99773
96244
95161
85943
91867
98937
71327
70672
71067
101768
70687
100426
99689
94784
97986
94898
70763
99621
100321
88783
99271
99463
71329
97720
96329
99358
98399
99683
93541
98499
100135
101757
101327
71788
95956
99826
71231
95673
98122
70701
97378
96868
100366
97878
100269
70852
71105
99658
98132
95062
99073
95709
98387
98138
102157
98824
98156
71675
99899
99077
70992
95907
99226
84560
102670
71626
71295
71095
101005
71426
77301
99367
99449
99699
103690
71186
71049
98907
71433
100647
98885
101029
