21812
16534
15005
16415
16827
7743
15036
5825
15182
7257
6154
6275
5502
15933
13440
13300
14618
13289
13281
13252
13280
13163
13270
13263
14917
13749
15674
13165
13277
13293
13262
13225
13295
13253
13182
13165
13224
13179
13418
13235
13278
15752
13260
13313
13307
13295
13307
13186
13269
14589
13254
14586
13292
13995
13258
13346
13257
13316
13322
13253
14594
14596
13293
13282
13248
13281
14616
13265
13304
14862
14576
13275
13321
14610
13306
13911
13171
13235
14588
13292
14597
13227
13322
13302
13244
13315
13274
13293
13378
13268
13283
13322
13257
14549
13227
13291
13301
13261
14628
13309
13161
13190
13290
13362
13281
13298
14153
13305
13281
13312
15928
13268
13200
8293
5340
5368
7858
5716
6123
5292
5316
5259
5710
7817
