23934
19299
48233
23431
46519
20106
24409
52435
19550
41097
29938
23508
19539
28977
31119
32715
31371
32549
29795
27658
28374
27099
26906
53376
47679
19282
20886
19336
20258
47295
27271
19286
28935
19290
28938
19271
28929
42494
28042
51646
51343
19282
19272
19283
21856
19283
19285
19275
19446
19284
19276
20365
20563
19621
19284
19283
19280
19303
19842
19285
19279
19290
46216
19724
19273
19272
19272
19280
19278
19950
19273
20583
19277
19270
20051
19286
20935
20119
19278
34655
19382
47553
21967
20573
20578
19494
19273
19638
19273
19334
19572
49160
28738
19276
29020
27600
48425
46203
19296
26953
22517
26958
19310
19511
19313
19293
19334
19301
19432
19289
21405
19300
21995
21898
20481
21360
23772
22236
20189
22050
22676
22215
21034
20068
