55105
28660
28684
28738
28639
55778
28493
28510
28543
28481
28522
28581
28515
28540
28749
28502
28432
38048
39685
57406
57912
28573
28720
57328
28665
28498
28444
28447
55793
28482
56021
28519
28511
28473
28731
28490
28872
58731
56447
45177
59127
49052
57437
31307
58531
28483
55258
28537
28422
28433
28479
59518
28439
28493
56982
57562
28572
28476
28441
28647
55793
28904
28432
28475
28455
28428
50328
28590
28589
28568
59202
28838
28492
28464
28525
56825
28684
28581
58497
56223
28810
28627
28485
55716
28441
56180
28530
30860
55796
28487
29420
28458
28430
28452
28468
28521
55280
56878
28752
28705
