27110
26596
26669
26869
27561
44570
26245
26217
26148
26190
26187
26168
26202
26082
26091
26191
26085
53905
26060
26224
53257
26064
26180
26244
26106
26161
26288
53044
26074
26083
26420
26106
55010
26235
26398
26350
26257
26174
26294
26502
26099
55790
51302
26213
26263
54758
26209
26129
26361
26143
53396
26071
26346
52972
26120
26122
26364
26190
55143
26678
26389
26130
26400
26278
26106
26214
26205
54741
57568
26106
26322
26095
29009
53416
26112
47618
26358
55570
26495
26073
39234
56124
55141
26639
26207
54817
26066
26351
26081
29532
54417
26195
26086
52210
53570
27128
26575
26952
26634
26967
