28241
10697
9249
10094
9339
23168
13174
12725
11431
12130
25366
9121
9174
23671
22927
22546
22549
22546
22591
23787
25036
22564
22997
23829
22575
23853
22697
23432
23823
22587
23572
22583
22549
22589
22559
23369
24387
22601
22541
22573
23811
22586
22569
23828
24127
26788
24898
22532
22686
22770
22527
25097
22541
23869
22551
22556
25078
25122
22549
23045
23810
23597
23813
23796
22582
23840
24084
22606
23696
24441
22542
23791
22514
22519
22526
23843
22745
26344
23471
22547
22581
23389
22545
22529
22896
22557
22522
24202
22518
22584
22539
23639
23819
22536
24236
22517
25259
22577
22550
22754
22554
22575
25086
22534
22565
22550
22554
22583
22587
22566
22538
26755
22537
9821
10498
11086
12190
9555
9878
9341
9140
9358
9316
8948
