10676
8602
13351
6606
6615
16392
6622
6655
7655
16479
8356
6671
7049
16247
19201
17576
16257
16288
16361
16313
16508
16279
16264
16286
17657
16281
16458
18992
16252
16311
16255
16247
16326
16251
17631
16274
16303
17654
16293
16269
16548
16252
16247
16312
16302
16361
17621
16253
16364
16267
16392
16272
18227
16283
16256
16283
16273
16286
16311
16252
16273
16287
16291
16269
16251
16301
16271
16290
18508
17652
16337
16334
16261
16250
16246
16280
17551
17370
16325
16303
16347
16363
16284
16275
16328
16346
16274
16261
16333
16401
16343
17680
16278
16301
16258
17619
16270
16324
17577
16304
16263
16257
16286
16287
16253
16274
16470
16253
16300
16285
16283
16248
16290
6826
6548
6739
6515
6519
7775
6552
6965
7416
6564
9027
