3588
2430
2356
3526
2361
2337
2336
5883
2444
2343
2341
2336
2336
5928
2346
2343
2335
2337
2345
2362
2431
2430
2422
2422
5991
7221
2337
7193
3273
7280
3268
2432
2429
7191
3291
7212
6693
6636
2349
7092
6976
5916
2421
5846
2430
6641
5905
6711
6770
6818
6661
6865
6772
6658
5969
5894
5933
5887
5903
5913
5927
5928
5981
5940
5938
5916
5889
5942
5893
5915
5915
5900
5927
5954
5890
5897
5897
6101
5890
5887
5922
5890
5906
5890
6010
6063
5898
6052
5917
6049
5947
5895
5909
4275
5848
5851
5900
5961
6361
5869
5896
5853
5856
5902
2336
2336
5888
5926
6032
2348
5857
5902
5978
5998
5934
5900
6158
5900
6337
5895
6237
5928
5893
5892
5893
5891
5907
5948
5898
5907
5900
5913
5905
5896
5946
5886
5886
5889
5885
5997
5894
5897
5947
5914
6013
5949
6102
5908
5962
5891
5882
5896
5898
5967
5934
5937
6066
6279
4450
7166
3264
3263
3262
3337
7189
3264
3255
7177
6657
2344
2344
2336
2424
5852
2343
2343
2335
5851
2429
2345
2344
2338
2422
5868
2345
5854
2336
2336
2434
5854
2343
5857
5853
2337
5966
6065
2345
5916
5926
2399
5855
7275
5858
2336
2336
7236
7207
7614
5847
3275
7214
4675
2343
3260
2348
3382
7203
3253
3288
7220
3262
7210
3261
7223
3277
7227
3264
3511
2336
3513
5720
3264
7183
3368
7179
3275
7195
3264
7201
3279
7207
3276
7206
3255
3321
6833
7851
8051
8199
8135
6534
6385
6352
2474
2724
3057
2553
3109
2926
2462
2553
2604
2463
2467
2560
2496
2523
2464
2470
2601
2727
2508
2556
2564
2516
2554
2447
2446
2467
2545
2475
2455
2444
2537
2531
2502
2476
2443
2381
2470
2389
2434
2393
2437
2470
2490
2478
2458
2390
2382
2471
2390
2400
2391
2382
2437
2391
2392
2395
2510
2382
2481
2390
2484
2381
2509
2486
2507
2435
2389
2383
2412
2501
2392
2381
2470
2445
2396
2389
2387
2597
2388
2388
2411
2473
2403
2477
2388
2360
2337
2337
2502
2345
2367
2336
2465
2360
2337
2390
2435
2431
2409
2424
2339
2428
2345
2423
2338
2427
2355
2423
2346
2459
2398
2370
2337
2344
2361
2387
2335
2344
2349
2351
2336
2342
2463
2385
2336
2336
2342
2343
2414
6654
6802
6638
6434
2365
2571
2344
2336
2342
2447
2398
2435
2336
2437
2403
2336
2337
2437
6624
2346
2384
2530
2429
2337
2360
2449
2428
2422
2418
2450
2466
2459
6701
6785
2448
2428
2337
2436
2362
2392
2360
2336
2365
2388
2399
2395
2337
2367
2344
2440
2340
2437
2455
2472
2466
2336
2397
2439
2428
2425
2422
2432
2480
2431
2422
6675
2422
2337
2371
2344
2337
2337
2431
2382
2428
2348
2423
2354
2378
2447
2426
2352
2350
2341
2336
2337
2343
2395
2343
2336
2456
2345
2344
2337
2344
2349
2342
2337
2383
2343
2344
2337
2384
2344
2401
2349
2344
2348
2421
2337
2340
2353
2486
2442
2337
2337
2417
2349
2405
2422
2341
2393
2342
2337
2344
2411
2361
2385
2431
2343
2412
2338
2453
2357
2345
2345
2337
2351
2362
2359
2337
2342
2365
2393
2391
2427
2353
2401
2337
2371
2351
2350
2344
2337
2347
2470
2346
2336
2337
2398
2397
2336
2335
2416
2411
2337
2336
2468
2345
2344
2336
2344
2355
2343
2338
2344
2378
2427
2336
2408
2343
2370
2345
2337
2371
2366
2338
2373
2362
2371
2336
2336
2343
2346
2336
2336
2343
2344
2351
2336
2343
2373
2336
2336
2360
2371
2363
2337
2342
2414
2344
2336
2374
2374
2347
2335
2337
2368
2343
2339
2340
2417
2347
2369
2337
2343
2344
2338
2339
2343
2342
2371
6629
2336
2339
2356
2363
2348
2369
2343
2343
2383
2336
2364
2482
2616
3264
3415
3274
3374
2486
3254
7196
2336
2337
2356
2345
2364
2345
2411
2348
2337
2337
2344
2361
2336
2336
2344
2347
2336
2383
2444
2344
2383
2352
2348
2361
2353
2337
2344
2343
2343
2337
2340
2365
2348
2337
2342
2344
2337
2336
2365
2343
2337
2336
2344
2348
2336
2338
2362
2363
2336
2336
2344
2344
2341
2336
2341
2344
2339
2336
2341
5934
2344
5859
2336
5890
2343
5894
2336
5851
2341
5918
2336
2339
5862
2345
5856
2336
2355
5862
2341
5863
5848
2342
5891
2364
5855
2337
5847
2343
5923
2336
5885
2353
5867
2371
5876
2337
6063
2354
2344
5853
2337
2350
2342
2337
2335
2346
2346
2343
2337
2343
2341
2342
2336
5867
5901
5866
5911
2854
6944
6663
6742
6654
6660
6672
6745
6664
6636
4040
2336
2420
5910
6031
2470
5908
2482
5860
5909
2432
6085
2337
2375
2428
2429
2428
2429
2423
2424
6182
6001
5884
2438
5900
2345
5853
2344
5863
6008
2431
2470
5936
4652
2398
2345
2345
2336
2349
2344
2344
2335
2336
2343
2343
2336
2334
5849
3282
2381
2363
5856
5857
5868
5852
5897
5872
5858
5856
5858
5856
5844
5862
5867
6257
6716
6632
6651
6641
6652
6641
6707
6626
6522
2825
2752
2815
2896
2853
2794
2814
2876
2564
2629
2740
2656
2544
2852
2740
2815
2650
2780
2479
2480
2673
2677
2723
2654
2725
2836
2702
2696
2680
2701
2657
2693
2728
3160
2667
3043
2678
2695
2715
2840
2669
2690
3340
3490
2469
2475
2472
2535
2712
2473
2568
2553
2506
2463
2578
2563
2548
2526
2472
2553
2463
2558
2478
2593
2520
2516
2556
2550
2569
2489
2562
2579
2573
2569
2554
2553
3168
2544
2468
2599
3529
3601
3487
2952
2480
2566
2578
2570
2554
2548
2462
2568
2487
2605
2509
2564
2542
2578
2554
2557
2565
2509
2628
2573
2620
2564
2535
2472
2502
2574
2463
2533
2564
2503
2503
2548
2452
2448
2373
2415
2373
2366
3553
2434
2434
2478
2427
2396
2470
2457
2410
2479
2390
2381
2377
2412
2374
2478
2453
2476
2400
2396
2430
2340
2339
2343
2350
2373
2335
2353
2343
2336
2336
2369
2384
2368
2337
2411
2420
2336
2337
2430
2342
2337
