67066
69411
65226
66127
64879
37116
37143
37114
37133
37158
37156
37211
37153
37917
37132
37204
37145
37118
64662
37132
37126
37113
37122
65040
37107
66326
65976
65422
52114
37098
37111
66409
66014
66918
65112
66463
37175
65951
66764
65644
52314
37392
65487
65585
37113
66610
37113
60128
65850
37105
39229
66293
65811
65933
65601
52375
66777
66222
66585
37129
37422
42536
65313
37116
66703
37109
37118
65840
60403
37160
37078
37752
37113
37526
37106
37143
37113
37095
37113
37117
37112
37174
37111
37171
37115
37104
37123
37110
65233
37208
65257
37148
59275
67184
37122
65711
66083
37125
37118
37113
37124
37120
37460
37262
37117
37156
37105
37121
37104
37102
37111
37115
37109
37114
37110
37169
37113
37113
37116
37127
37172
37113
37116
37141
37109
37116
37112
37103
37170
37121
37111
37184
37104
37422
65882
37139
66585
66423
51817
37170
65733
65024
66080
66125
66787
65585
67497
68758
37113
66689
62576
37126
37125
37209
66005
67469
64637
66518
65208
66198
47185
37117
49875
64941
65253
52054
52999
52579
53183
65869
37147
53809
37122
66507
65426
65576
65885
52564
65523
52572
37112
52875
37353
38751
37629
50728
37100
37093
37106
37115
37263
37095
37111
37103
37588
37089
37158
37118
37205
37100
37099
65724
65317
66075
65558
66204
66151
66666
65640
66319
65517
52092
65171
65817
51844
65283
65738
66309
65795
37117
37589
37102
37111
37145
37135
37100
37162
37116
65329
65966
66892
66161
66240
65857
66300
65460
66086
51832
65994
65025
52247
65202
66195
51525
64828
64833
66138
65030
65536
37094
37100
66998
56078
64944
66559
65095
58263
58338
66652
65838
65626
37085
66388
65428
67646
64948
64988
66397
64740
52321
64662
66405
64355
66942
66431
66632
64947
37125
65220
62791
37095
51551
65602
65538
66285
64390
65479
62397
64901
55315
65482
51850
58154
37086
66112
37108
37126
63126
66800
60129
47508
37093
50591
37102
59782
37104
65206
37121
37124
37105
37146
37097
65701
66377
65846
62580
64345
45797
37133
51403
66485
46661
45084
51103
37141
64787
37095
37211
64994
66828
65548
65996
65641
65042
62829
37163
37135
37116
37149
52580
37143
37106
37181
37530
37103
37232
37191
37131
37120
37120
65386
37133
37182
37132
37168
37624
37178
58435
66781
64971
37145
37130
37124
37110
37144
37126
38037
64471
64669
37089
37141
37098
37193
37103
37134
37153
37150
37117
37517
65303
65558
37107
51860
52861
51864
52696
51876
53584
65735
66178
51865
52201
66788
66469
65878
54552
66342
52861
51858
51855
51871
52705
51860
52421
52586
64049
37100
58169
66861
65600
66370
66126
66684
37125
37113
37161
66437
37122
37134
37651
37098
37106
65058
65952
65408
52842
67342
67652
37102
50939
37107
37184
37371
37174
58309
66040
37106
52912
37092
37112
37147
37108
37117
37107
64126
67157
37118
37111
37123
37113
37161
37116
37131
37115
37117
37692
62149
67811
68162
64738
65902
37094
37108
37098
66016
65467
37097
37108
37111
37086
37102
37188
37138
37108
37138
42454
37847
65898
66369
66133
67228
66111
66658
65087
65916
65367
66097
65646
66675
65583
37195
52401
37095
37093
65258
65281
65942
65703
66631
65614
65043
67130
64882
65063
66539
66064
66806
38324
66280
65536
37097
65239
65458
66262
66134
52413
65046
66004
66141
67078
66066
67022
65982
66854
64450
66183
65813
66409
66133
67096
66159
66195
65480
66219
66484
66410
63097
65547
66902
56458
65127
66246
65307
66612
65882
66528
65613
66283
65309
66635
66025
66864
66864
65712
65247
66150
65493
66580
65902
66636
66524
66520
65859
66071
65994
66452
66129
67006
65436
52689
37112
37099
37115
37141
37107
37112
37120
68334
62314
66345
66573
66180
66624
66134
66773
37368
37160
66020
65416
66009
65479
65989
66117
67191
65139
66680
65824
66531
65575
65758
52285
67595
65532
66449
66085
37123
66289
65732
65895
37123
37339
37242
65591
66041
65426
56246
67895
64622
37127
37118
64647
37154
37223
37124
37101
66550
37209
66997
37200
37339
37240
54047
37106
37122
37139
37141
37372
37157
66113
65437
65364
66186
37183
66838
37118
37212
65487
37152
37300
37123
37124
37113
37116
37102
37107
37115
37110
37106
37106
37107
37110
37101
37112
37110
37105
37129
37108
37099
37108
37108
37108
37110
37115
37122
37304
37136
37181
37153
37156
37119
37129
37114
37118
37154
37168
37190
37175
37119
37143
37597
37120
37110
37113
37121
37108
37105
37186
37112
37142
37150
37350
37147
37135
37130
37110
37109
37121
37160
37145
37124
37114
47766
66367
37180
64284
64469
37142
37181
37196
37306
37116
37124
37113
37105
37322
37120
37161
37109
37094
37112
37553
37118
37107
37160
37119
37145
37403
37112
37116
37113
37101
37094
37119
37156
37110
37109
37104
37110
37153
37104
37281
37117
37284
37117
37105
37128
37177
37109
37122
37106
37099
37288
37115
37230
37221
37116
37161
37124
37130
37171
37128
37147
37130
37126
37147
37118
37360
37150
37159
37125
37137
37123
37191
37127
37137
37120
37123
37113
37118
37130
37108
37116
37112
37118
37146
37134
37188
37155
37112
37104
37157
37159
37389
37143
37186
37126
37169
37099
37118
37200
37115
37111
37104
37128
37118
37107
37121
37213
37164
37160
37131
37136
37223
37133
37119
37118
37142
37130
37292
37140
65295
68326
37133
65785
65771
65003
65700
65973
65803
65800
65887
65656
59647
37255
37529
38912
42846
37231
37191
37091
37095
65715
67525
68561
64990
64815
65321
65965
37106
37133
65159
66038
64730
66428
65350
66455
65907
66200
65455
66207
65161
66269
37170
37148
37108
37157
37322
37092
37120
66541
66734
65444
65597
66234
65908
66322
66251
52252
65470
64732
62909
65166
65099
66287
65886
37086
37352
65177
62820
65301
65297
37162
67100
51818
52100
64707
51908
64058
65854
65406
37097
37093
66120
37098
37354
62655
50322
37099
37112
66364
66014
65906
66104
67619
37090
65114
65348
65163
37113
67310
46810
37408
37109
65315
52669
52868
37217
37111
37111
37114
37105
37154
68120
65424
37090
49611
64825
63733
65660
51824
52665
52153
65586
65346
52952
37186
64936
66003
65187
66295
65260
52745
64330
52164
66524
67197
51838
52914
37147
65200
52579
51828
52408
37118
37122
37114
37094
37098
38007
37106
37201
37105
37150
37086
37120
65693
51901
37127
65027
65571
66181
51845
51767
37099
65462
65683
51835
52732
66086
66151
