32466
47650
47743
49669
49679
30407
20890
20904
32090
20897
32312
20885
32008
20891
31705
20904
50324
48695
49271
20895
20896
20914
20932
20911
29125
20890
20892
51948
52130
20908
50558
48066
48810
51507
50422
48300
20897
20891
20907
20934
51171
20908
20903
20893
21239
42706
20892
20885
47915
20940
49836
20920
20910
49973
24029
49484
20911
20911
20938
20931
21693
21202
47947
49188
20892
21019
20912
20887
20896
20898
20898
48457
20891
50272
20900
20895
20908
20905
20911
20896
20917
20901
20892
20897
20904
20888
20904
20896
20893
20903
20891
50119
50927
20917
20908
20898
20905
20898
20915
20898
20905
20929
20894
20905
20923
20913
20921
20903
20906
20903
20901
20899
20894
20900
20903
20934
20903
20899
20900
20933
20894
20910
20899
20930
20900
20902
20906
20895
20903
20901
20902
20899
20903
20904
20902
20928
20906
20901
20913
20931
20886
20910
20926
21051
20955
20895
49096
49619
20944
21334
20929
20889
20898
20899
20893
20899
20924
20902
20913
20920
20913
20907
20941
20934
20957
20943
20911
20906
20959
20908
20892
20912
20898
20906
21013
20887
20885
20916
20898
20913
20923
20900
20892
20895
20894
21133
20931
20998
20900
20904
20984
20932
20953
20900
48345
49849
20898
20915
20921
21061
20917
20916
20926
20902
20900
21721
21188
49553
31056
32591
29242
29114
29111
29147
29112
29168
29137
29181
29124
29104
29107
29124
29147
29128
29119
29224
29173
29243
29141
29116
29161
29107
29100
29152
29113
29128
29123
29116
29106
29699
29116
29191
29126
29173
29213
29116
29114
29127
29133
29136
29219
29176
29123
29129
29170
29122
29120
29168
29130
52071
50704
20893
20943
20893
20936
20905
20891
20911
20898
20902
20909
20918
21136
20895
20932
20894
20910
20891
20903
20902
20901
20903
20911
50091
20891
20923
20920
21080
20922
20897
48207
20910
20893
20902
49567
20886
49290
43020
53061
49304
20984
20911
20934
20902
20913
20902
20899
20901
20894
20897
20934
20921
20907
21225
20892
20915
20900
20893
20903
20899
20895
20899
20893
20897
50652
20892
49426
20888
50179
47820
20936
20932
20896
20924
20913
20910
51466
50263
20918
49633
20908
20891
49286
51574
50821
48439
20908
20889
49873
51679
45866
29384
31519
31343
30468
29142
29132
29115
29119
29105
29123
29147
29112
29103
29133
29114
29112
29122
29209
29114
29126
29110
29312
29129
29121
29724
29115
29107
29119
29114
29117
29114
29105
29106
29128
41503
49213
20889
48383
20925
20908
20940
20900
20926
20899
20910
20913
20926
20901
20915
20890
20907
20899
20905
20894
20913
20894
20899
21168
21016
49925
20913
50052
20893
20915
20890
20896
20904
20903
20893
20908
21060
20934
20899
20911
20899
20895
20913
21096
20929
20891
20904
20890
20990
20900
20928
20899
20900
20897
20915
20902
20894
20898
20898
20920
20895
20905
20891
20903
20883
21118
20905
20967
20930
20902
47126
50382
20916
20888
20950
21195
20905
20886
20888
20902
20899
20901
20890
20903
20891
20904
20882
20934
20917
20904
20895
20909
20892
20950
20893
20888
20891
20950
21034
20898
20904
20889
20903
20901
20902
20898
20895
20905
20901
20911
20922
20927
20905
20896
20903
20889
20889
20891
20910
20895
20889
21191
20903
20921
20897
20908
20903
20903
20902
20887
20891
50358
20896
20893
20897
20927
20910
20954
20888
20899
20894
20903
20923
20899
20999
20911
20894
20920
20913
20894
20894
20902
20890
20900
20897
20903
20885
20911
20898
20901
20900
20900
20902
20897
20891
20906
20907
20902
20886
20905
20900
20896
20905
20895
20891
21200
20908
20898
20903
20903
20912
20896
20933
21271
20901
20903
20894
20925
20901
20899
20902
20892
20905
20902
20895
20895
20896
20894
20897
20906
20901
20891
20906
20899
20901
20899
20894
20903
20912
20904
20926
20899
20919
20898
20887
20904
20902
20903
20983
20905
20898
20915
20903
20950
20913
20923
20880
20900
20961
20889
20894
20907
20921
47882
20894
20900
20902
50977
20887
20905
20887
21025
20943
48255
20888
20911
20897
20946
20898
20887
20896
20907
20896
20902
20897
20898
20888
20896
20920
20896
20893
20894
20907
20894
20895
20894
120151
20952
20904
20928
20919
20893
20903
20897
20900
21385
21164
21331
21243
20905
20910
20896
20927
20902
20900
20896
20891
20902
20892
20905
20956
21048
20919
20913
20903
20906
20884
20903
20920
20909
20900
21168
20906
50081
20890
20926
20904
20900
20953
20891
20902
20884
20905
20894
20897
20905
20914
49617
50779
20894
20899
20892
20921
20899
20890
20906
20906
20902
20921
20907
20900
20904
20897
20922
20898
20895
20998
20891
20901
20905
20903
20897
20891
20890
20907
20887
20911
20891
20934
20906
20932
20894
20904
20903
20890
20903
20891
20901
20893
20914
20897
20889
20898
20888
20897
20900
20904
20900
20935
20912
20906
20902
20896
20903
20895
20889
20898
20896
20889
21151
20894
50165
49999
20960
49228
20890
20898
20892
50016
47854
20916
20949
20921
20888
20933
20904
20900
20889
20891
20897
20906
20925
20916
20889
20904
20897
20904
20902
20900
20901
20886
20908
20888
20908
20971
20897
20891
20917
20902
20898
20905
20912
20911
20896
20983
20904
20908
49472
21082
20894
20978
20962
36048
48355
20893
20899
20890
20893
20897
20922
20891
20902
20895
20900
20899
50506
20901
20931
20899
21017
20890
20903
20902
20916
20894
20898
20899
20905
20942
21035
20901
21774
20917
20911
20905
20895
20911
21361
20909
20901
20892
20904
21023
20898
20901
20913
20905
20901
20900
20892
20913
20899
20902
20913
20887
20922
20970
20906
20884
20903
21170
20899
20923
20895
20900
21057
20900
20908
20900
20921
20923
20907
20899
46131
49932
20907
20892
20895
20912
20899
20893
20906
20901
20894
20893
20902
20920
20912
20946
20891
20898
20887
20890
20925
20894
20904
20898
20897
20889
20906
20890
20919
20899
48963
21068
20904
20936
20896
20911
20895
20906
20901
20906
20892
20920
20897
20898
20914
20941
20902
20911
20909
20897
20897
20888
20897
20900
20923
20899
20917
20892
20967
20941
20920
20894
20893
20911
20901
20930
20904
20927
20902
20897
20899
20895
20906
20903
20897
20893
20993
20894
20997
20900
20892
20906
20905
20888
20899
20899
48215
49256
20897
20989
20894
29280
31352
21028
31364
20905
20892
20900
21027
20948
20908
21170
20905
20908
20913
20910
20912
20893
20920
20900
20919
20907
