122877
93779
93608
121443
93540
93509
121971
93589
94163
121882
120991
120829
120490
93551
93491
122114
120914
111696
120982
120274
93510
93517
121250
122765
124007
93547
122971
93519
93556
122465
121097
93709
93658
122993
93562
93524
121486
93528
123708
123637
93600
120970
93712
93693
93489
93828
93549
93663
93611
93583
93877
93512
93508
120491
120826
120879
93591
120955
121545
122426
122035
120798
121981
120412
113897
121164
120843
121330
120898
121966
120511
93498
121329
93496
102677
122770
93766
121450
122462
121709
121211
93476
120788
121534
121256
120885
113644
121463
121094
117182
123920
121097
120714
121510
120542
122108
122091
122088
120404
117777
93683
122620
121150
121304
121709
121232
121327
120666
121867
121069
121672
120648
121413
120629
93474
120699
93502
107456
93535
123136
125093
122722
124400
120686
97169
121938
121048
121555
120984
121241
120908
121646
121029
121341
120701
121724
120819
121092
121180
120567
122633
121502
121167
121598
121130
121173
120850
121608
114735
121467
120507
121172
121126
122476
118034
122576
93470
122670
93510
121918
121249
122002
120660
120880
120569
121438
121104
121202
120672
121245
121236
121217
122111
123708
93499
121074
121080
121030
121690
121365
121470
128178
115689
122430
122651
121373
93511
122178
106995
120964
121812
121548
122121
93514
121119
121555
120986
93498
121330
122397
121596
121632
120636
122591
94046
120551
120809
120872
121439
121359
120994
120826
122098
120709
116878
122129
122482
121539
122028
122670
122797
121384
122172
122605
122664
121464
122167
120212
121577
120926
121301
123387
122461
121285
121684
120796
121128
120759
114227
121150
120741
121403
121033
121557
101140
120745
120764
121232
120623
121593
120902
121905
94751
122420
121333
121863
120892
120906
120920
121445
121161
121204
120723
121659
120866
121384
120707
121416
121079
121031
93483
121650
121656
122200
118217
123473
93719
120723
118217
120802
121896
93468
122296
120669
121006
121279
122668
123392
120845
122970
123351
120628
121506
121004
121876
120354
121403
120863
121834
120270
121536
120845
121627
121048
121476
120835
121789
121045
121274
120678
121764
120859
120772
120705
121694
120936
121815
120207
122424
120989
121228
120675
121929
120800
121534
120495
121668
123121
122647
120812
121844
120890
121439
120454
121748
120913
93567
121791
120961
121332
121017
122012
93504
121292
121025
121455
121127
121152
120817
93508
121703
121018
107661
122596
93495
120532
121630
120847
121803
93481
121356
120821
121658
93470
111164
121056
121649
121173
108717
114204
121545
134202
115013
121254
121534
121105
122105
120362
121479
107017
122321
121567
120907
121548
121427
121130
120642
121453
120855
121325
124718
121625
121552
121138
121382
120901
121355
120879
121062
120785
121787
120833
120741
120812
121191
120976
121464
120469
122337
93514
121035
120770
121028
121609
121112
121156
120667
121467
121143
121026
120718
121622
121810
121405
121619
122056
121058
121262
120989
122392
122958
122761
120951
121724
121223
121655
120550
93649
121440
121674
120775
121157
121639
120955
121024
121073
121945
120876
121498
120556
122800
116537
121871
118299
121131
114752
94622
93489
121452
108207
122826
121652
121204
121092
121648
121030
121119
120862
121159
121427
120599
121102
93476
122227
122443
120840
121637
120997
121204
120473
121032
121720
121500
122593
122644
121327
121356
121775
121046
121206
95319
120859
93471
119503
121487
122613
122774
121660
121507
109303
121342
116372
120314
121153
121257
120114
93482
120627
121214
120764
93465
121950
99663
121111
120662
93484
121912
121579
120699
121282
121215
121488
120777
120978
121298
121385
121338
120771
121121
121357
121396
120727
121159
121125
121272
120661
121067
122215
93523
121714
106907
118979
93636
120959
138351
93506
119095
122920
121359
121402
121323
93482
102064
93839
122985
122016
103725
121097
108203
122310
93471
120699
95508
119492
93531
121309
120885
108255
122002
121510
121582
113886
120550
121060
121276
120726
116192
112171
120933
93529
121450
102146
93478
120788
102178
93514
97265
94503
93477
93471
109000
122715
93474
122711
93559
122096
108192
93459
108217
120532
120809
121026
121309
121392
93479
119487
93473
120099
120682
121034
121215
97262
108231
120798
121270
121477
121433
121474
121291
121861
94667
120927
120750
120969
121126
121375
108218
122501
122351
122268
120553
93476
120107
121102
93477
104367
120548
109389
118918
93483
120104
121297
121329
121361
120578
121207
93494
93483
94117
122686
106289
93468
123716
121692
121707
121499
121407
93465
121220
121444
121479
93465
121595
104492
122874
93468
120686
94542
121119
120249
122500
122275
121746
121510
121437
120844
108249
122721
93481
122680
121170
121461
93470
122184
121346
121199
121579
121161
108518
122280
93470
122546
110475
121616
121238
121356
123062
123400
120305
93479
121699
121598
93484
121424
121902
122557
122426
121363
121853
123475
93492
120457
120817
93587
121934
121010
121211
93493
121868
136217
93923
119328
93545
121254
120638
121076
121684
122238
121674
121204
121146
121277
121157
121359
121852
122246
121022
120616
121030
121283
121145
121106
120862
93478
123752
122579
121337
121928
120981
120565
121136
121206
121446
121540
120758
121171
121577
121210
120710
121203
121891
121671
120920
121470
121904
118906
93485
121654
121459
121510
121312
121283
121223
121888
121562
121617
121990
122112
121154
120732
121183
121205
121238
120720
121135
121232
121298
120988
120925
120928
121089
121335
121363
121435
121443
122539
109142
116042
94404
122715
121317
121560
121558
121067
121741
121842
112874
120527
121065
121235
120785
121152
121196
119226
120501
121152
120981
113514
121323
104476
108706
121533
108193
93624
122888
121993
121052
121161
93506
120569
120936
120600
120944
121343
121413
120765
108202
94185
120664
120103
121210
120703
93524
121754
93467
121767
121566
123037
124065
93519
120681
121043
121276
121304
93847
111695
93839
93470
122596
122461
121216
121131
120790
120108
122732
121997
121050
121525
121164
121272
121321
115312
123224
121639
121510
121369
121399
121824
121601
120829
121579
121259
121425
120769
121203
121089
121275
120521
125819
113404
93502
121365
121250
120735
121262
121096
120992
120992
121648
121073
120735
121180
120801
120514
121808
120101
121730
120701
121127
93470
93483
122133
121661
120993
121001
121590
93544
122095
120993
121251
121335
121325
120747
117769
121811
122148
93476
121941
93504
122360
121685
93739
121396
93490
122233
121622
121729
93590
122193
122042
120614
120873
121329
121280
120768
121475
121709
121713
93648
121523
121505
121326
121559
120669
121474
121433
121686
94084
122006
122236
122509
122703
121000
122795
119724
123017
122870
117350
123780
120198
93570
93647
93514
93503
123244
120581
121218
120700
120507
120141
93817
120933
122668
124105
122134
123585
122068
122049
122462
124685
93540
93589
93491
122218
93542
123999
94398
124010
120607
120795
