23585
24133
23468
23506
23949
23488
28245
9326
9311
9326
9316
9325
9324
9344
9324
23753
23835
24120
23780
24101
23464
23450
23451
23489
23924
23429
23433
23465
23970
24178
21223
12054
23513
9935
20205
9727
9528
9491
24401
25113
9357
24275
23472
20360
9352
20481
9669
9595
15421
9710
9357
9390
9516
9388
9505
9513
9349
24906
9313
9308
11694
9444
9311
9366
9312
9462
9392
9380
26973
9378
9481
9363
15325
10066
9659
9549
9531
14226
10344
9944
9348
9346
9420
23889
9405
9373
9365
23451
9484
9634
9361
9522
9376
9500
9526
9473
9572
26331
26325
26374
26414
9434
9667
26434
26413
26376
24883
25337
23460
23441
23523
23980
23454
23495
23505
23452
23472
23503
23575
23441
23742
23509
23444
23486
24338
23428
23427
23517
23456
23451
23559
23629
23594
23778
23468
23509
23604
23472
23440
23472
23438
23583
23398
23479
23465
23507
23702
23662
24320
23436
23412
26867
23824
28630
24004
14347
13203
13164
28720
28738
13129
13283
13927
28330
26349
25862
23676
23615
23539
23809
23867
23682
23464
23424
24340
23462
23420
23500
23627
23845
24140
18446
9298
9305
9314
9306
23292
23273
23318
23362
23481
23769
23482
23449
23438
23478
23449
23513
23576
23459
23458
23938
23493
23539
23424
23458
23464
23453
23438
23420
23442
23431
23451
23539
23522
23938
23608
24008
21873
9306
9303
9302
9315
9311
9314
9317
9326
9311
9302
9316
9317
9304
9313
9300
9318
9302
9321
9325
9306
9308
9317
9313
9304
9322
9442
9317
9319
9342
9313
9320
9308
9312
9395
23511
23287
23474
23388
23504
23534
23453
23525
23482
23583
23423
23441
23455
24103
23452
23439
23434
23442
23455
23480
23470
23442
23441
23462
23479
23433
23747
23572
23825
24349
23570
23567
23510
24044
23507
23787
23833
23701
23795
23445
23571
23543
23603
23652
23703
23481
23466
23600
23522
23452
23991
23870
23645
23608
23570
23717
23668
23437
23938
23926
23893
23507
23430
23421
23464
23463
23450
23443
23420
23557
23464
24122
23663
23732
23825
24884
23675
23590
23581
23990
13916
9330
9366
9342
9322
9324
9337
9381
23908
23550
23440
23504
23460
23457
23489
23450
23445
23459
23422
23460
23490
23438
23457
23429
23452
23454
23504
23442
23588
23585
23473
23483
23656
23452
23472
23490
23413
23450
23474
23496
23581
23474
23481
23695
23442
23443
23448
23479
23535
23451
23498
23500
12970
12952
24665
23570
23456
23574
23993
23425
23435
23509
23453
23725
28588
13222
27366
23547
24501
23527
23819
23561
23519
23451
23628
23664
23537
23578
23503
21212
31120
11687
10995
11401
10856
11154
10663
10801
11455
10724
12246
11319
10541
10676
10057
9801
9945
9994
10206
9649
9679
9721
9632
9686
9879
9865
9780
9698
9619
9738
10286
10596
10620
10642
10806
9804
10296
9805
9725
9697
11277
23687
10695
23311
9335
9500
9319
9406
9374
26354
9309
9376
26342
9443
9416
9463
9416
9475
23384
26401
23312
9302
15049
23289
23263
26355
9392
23404
9312
23304
9316
9314
23739
23479
23464
23529
23687
23497
23620
23489
23442
23518
23413
23442
24659
23483
23483
23701
23479
23525
23435
23406
23438
23460
23428
23426
23424
23451
23465
23592
23936
23624
23503
23541
23435
23508
23446
12995
23434
12976
13642
23803
25553
29904
25662
10644
10305
11013
10017
9746
9697
9482
9338
9313
9336
9500
9408
9386
9362
9309
24888
12500
9706
9312
9321
9433
23367
23320
9444
23297
9488
23296
9506
9453
23493
23750
9309
9308
24850
26762
26464
29098
28532
27917
26529
26531
26337
24928
23514
23708
23427
23760
23743
23990
23909
23765
23686
24102
23995
23716
23575
23582
23485
23544
23432
23510
23435
23901
23473
19473
24213
28920
23528
9524
23311
23298
23351
9304
23392
23397
23547
23422
23452
23726
23440
23528
23510
23511
23489
23625
23458
23444
23437
23421
23471
23528
23751
24470
24047
23954
24376
23474
23586
23612
23762
23488
23878
23451
23506
23424
23450
23431
23571
23529
23789
23678
23659
13804
23736
23927
9524
9553
23703
24307
23793
9325
9319
23919
23487
24518
23439
23426
23452
23792
23565
23942
23526
13606
23676
25343
24198
23489
10563
9459
14201
9308
23285
9334
13965
23279
9308
13963
9311
14266
9308
13963
9316
9401
26379
26353
26936
23632
23488
23460
23483
23809
24360
23510
28611
12960
28577
25969
23460
23432
24070
24055
23582
23575
23495
23539
23450
24065
23469
23654
23436
23430
23415
23439
23612
23470
23616
23561
23468
23492
23710
23640
23526
23517
23522
23459
23475
23507
23445
23505
23441
23467
23447
23473
23630
23432
23443
23415
23453
23796
23611
23534
23704
23567
23610
23417
23432
23537
23570
23474
23465
23574
23473
23830
23576
23479
23512
23456
23539
23744
23667
23551
23569
23728
23456
23657
23474
23439
23451
23458
23422
23439
23450
23615
23462
23435
23439
23595
23523
23799
23516
23481
23438
23622
23494
23451
23454
23522
23562
23534
23492
23543
23742
23535
23550
23543
23577
23542
23763
23540
23474
23664
23433
23491
23477
23489
23481
23462
23454
23455
23458
23528
30192
23601
23540
23599
23551
23726
23415
23441
23585
23462
23465
23619
27116
26442
28552
23485
28594
23441
26464
23425
23551
23534
23535
26391
23539
23914
27753
12756
23431
22071
28595
9311
18101
9640
9387
23987
12986
26376
23312
26386
23333
26375
23338
26367
24018
26801
26398
12949
12955
10966
13862
29637
28934
13274
13042
13038
9836
13978
9816
9491
9536
9342
9312
9338
9330
22968
9317
9306
23375
9317
24069
9329
9313
23336
23283
9348
27003
9482
9463
9479
9830
9772
9625
23331
23307
9604
23621
9382
23325
23269
23656
24876
23340
9306
20456
16114
11371
10650
10725
10632
10231
10031
9982
11790
9747
9760
9765
9770
9796
9740
9736
9739
23658
9499
23407
9312
23598
9315
24059
23580
9314
23594
23575
12157
28520
12976
28526
12985
28600
28596
24656
23423
23674
23481
23452
23532
23445
23423
23437
23462
23425
23435
23425
23440
23430
23421
23426
23418
23412
23441
23423
23405
23724
23576
23451
23426
23597
23449
23491
23425
23475
23439
23433
23695
23499
23442
23551
23419
23526
23490
23419
23480
23811
23419
23442
23476
23417
23452
23498
23500
23449
23459
23436
23478
23431
23479
23427
23492
23444
23439
23426
