72101
71338
71955
73553
71815
72703
43535
73186
73265
43623
72481
73304
71054
72982
58111
71512
72434
43555
72754
63945
68447
43513
58350
71347
56921
43570
43728
72144
43522
43563
60955
69322
43524
56373
71584
75236
72175
44441
69158
72537
72761
71626
58277
73951
69861
72829
73750
72298
72474
73778
73410
71927
72231
73541
70657
73343
58260
74683
72478
71164
72406
71336
72421
43529
73770
71867
71006
72574
71383
73163
71837
73132
71374
71915
58886
73149
71054
72680
70830
72187
43547
72228
73773
73021
71431
73100
43545
74453
71701
73371
71183
70200
72674
73233
73415
73663
71391
72637
71162
74335
43571
73138
43540
43538
43690
72095
73076
43599
43576
43533
43563
43518
72112
73470
43539
43546
43532
44077
43629
43543
43533
74835
44122
56340
73382
43576
72652
72010
70884
71350
43564
43541
43542
43537
43544
43787
43575
43535
43548
43552
43543
73466
73159
43592
43805
43605
43577
43546
43731
70676
73148
43553
43544
71817
67264
44058
43727
72528
43555
72023
72283
43550
71770
71208
43602
73850
75887
54398
70815
43606
43934
43565
43543
43529
43537
43555
43542
45196
43614
70522
74407
71940
74679
74036
73268
71887
60773
71794
72573
43538
43563
43550
43576
43548
43548
43545
43552
44120
43610
43841
69611
72149
43567
72702
72356
58367
66342
43536
53079
43525
54171
43564
72263
72977
72663
72345
71209
72581
70785
43545
43635
58902
69152
71269
72655
70699
72647
70791
72729
43634
71942
73538
71228
72759
70828
72766
43573
56190
43543
70770
72495
70811
72251
73319
73162
70307
72443
70743
72533
70792
72711
43549
72502
72690
70943
73330
72645
44068
68843
72511
72683
70965
72608
70714
72528
75660
73206
70920
43551
72137
72969
71076
72548
73206
73860
72764
71043
72339
74667
72007
43576
75432
70933
84405
49037
43880
43546
63045
56944
66556
72804
70601
72492
70923
72409
73069
71137
72695
72541
43561
43824
72244
69591
70706
72616
72990
71466
72854
43665
70335
43528
59476
43543
43599
72351
71573
72182
70883
72627
73562
73286
57319
43539
44424
43540
43562
43622
43520
43529
43538
43550
43531
43546
43533
43782
43558
43608
43539
43539
43529
43552
43648
71603
73846
73056
71232
72400
71146
72885
71587
72469
70604
73527
73396
72188
43644
72208
43568
73259
70049
72792
72681
71517
72476
73629
73398
43543
75663
68664
43527
43523
43544
73176
73384
43554
68279
71558
72806
70739
73568
71416
73325
69970
73168
43544
72419
71102
72440
43555
73129
74108
74496
72108
70865
72410
43540
70914
72358
73303
70981
73195
43552
72643
71194
72170
70434
71963
71237
72492
71115
72825
68981
63028
70573
72516
72766
69499
72001
73500
70705
72558
70840
73510
72724
73131
71062
71944
73014
71398
43804
72169
73279
71154
72630
74433
56000
68257
68770
74433
72007
73046
72888
70952
73071
72679
71108
72552
73190
70583
72540
70990
72344
73098
71106
68829
70842
73158
43577
72425
74808
72048
43543
72540
60517
71826
70028
72257
73014
72638
72944
70973
72795
70622
72447
73775
71965
43543
73188
73918
70476
72317
73133
71495
72907
73358
71785
72687
71859
70522
71954
43541
73094
72731
71413
71971
71104
72298
73757
73682
43568
70269
71732
43581
72805
43544
74955
68647
70472
72521
43538
72402
73283
71056
73997
43613
43605
43582
43715
72606
71066
72437
73863
73763
43687
72430
72740
71657
72745
74120
71167
73089
72350
71311
72211
74369
72011
70455
73316
72868
72120
72560
43517
58850
44268
43770
72963
73083
71637
72301
75189
72744
71868
71671
73020
43572
43529
43588
43539
43543
43601
43704
72693
73287
73059
70400
72405
71270
72289
70510
73257
71005
70062
71923
70952
72224
43648
43541
43528
43530
43553
43533
43569
43541
43728
43554
43541
43534
43541
43529
43533
71757
71971
43521
43693
43531
43561
43695
43533
73027
73515
43537
43573
43561
43717
43554
43556
43573
43572
43823
72076
72485
43556
43543
61128
72457
72182
71379
44753
43582
62000
43566
45553
69624
70426
71692
43541
50408
43551
73042
72430
71217
72174
43538
43570
43572
43541
73047
73431
71107
43529
71707
73521
73175
71834
64184
70752
70019
70940
72193
43544
43541
43547
43537
43905
43544
43549
43587
43550
72522
73157
43543
43542
43570
44061
43726
43527
43525
70563
73438
71706
65539
43531
73333
72285
71954
72418
71640
71403
73429
71902
43592
43554
43546
43545
43594
59910
43561
68927
44382
71661
70608
43555
43529
43554
43551
43544
43570
43545
43697
43566
43544
43553
72597
73249
43542
43576
43538
43756
43556
43555
72978
72619
43547
71000
72779
72311
71674
73438
73037
73407
70673
73152
43810
69869
72638
71422
72738
43531
72242
43560
75042
71705
43541
52729
43543
43535
43578
43551
43542
43545
43723
43551
43620
43553
43717
75688
59967
71341
72808
43661
43540
72862
73037
43530
73796
72551
71510
43532
43560
43539
70955
73284
43583
43552
74602
71681
72212
73725
71612
72693
43534
72228
71632
69635
72372
71247
73220
43543
43529
43620
43536
72395
72817
71516
73294
72890
43535
73777
70385
70570
72980
73174
72096
72479
43530
72761
43546
69915
72614
72875
74179
73429
71404
71919
73447
73086
71438
72441
43555
73567
69788
72552
72739
71657
70332
72614
71276
71693
43542
43568
43548
43542
43537
43651
70297
72931
73132
65790
70616
71803
71382
72072
72656
43580
74848
70967
73116
43541
72575
73876
70806
72475
72652
71710
72371
43518
43527
74059
67342
74116
43540
43585
73015
72881
71915
70086
43603
43558
43519
43809
72612
43553
72409
71152
72328
70752
72428
43606
70130
43534
72781
43541
73042
43557
43546
43533
43556
43529
43530
43543
43529
43806
43554
43579
43553
43544
43540
43588
43549
43545
43537
43536
43830
43537
43548
43549
43544
71145
72634
70520
57176
65486
72349
43557
43549
43573
43527
43532
43558
43543
43536
43852
70579
73661
43537
72785
73912
70503
73500
70540
72842
43546
43531
43539
43536
43537
43563
43566
43588
43546
71013
73144
43567
56855
71952
71897
74178
70869
73035
70585
73690
43523
55047
72441
70892
72032
43589
73015
43550
75419
72121
70822
67422
70931
73260
73170
71874
71488
45464
43583
69870
71760
73518
43536
72733
74041
43547
73443
60746
70816
72899
43545
65493
73411
72301
71403
72185
74178
71102
73259
73172
43577
75270
71243
43567
73033
58283
43549
73569
73157
73866
71146
43556
72533
73048
70114
43515
73009
71394
72262
