26105
26064
26072
26061
26110
26064
26064
26064
26182
26161
26312
26076
26194
26370
26146
26188
26138
26082
26074
56676
56675
26068
53538
26062
26445
26113
26106
26062
55617
55085
54680
26090
53951
26073
54326
53877
53951
53599
54164
53494
26079
26096
26066
26120
26065
26067
26051
26069
26056
26091
54005
54480
54118
26058
26106
26168
26082
54966
40232
54996
26094
26092
26272
26234
26122
53398
26146
26066
26109
54750
54086
53823
53557
54129
54381
53034
28795
56622
26067
26076
53988
26077
26060
26098
26069
26066
56018
54046
54344
53956
54339
26068
53841
55486
55967
26060
53760
26078
26086
26084
26066
26099
26067
26078
26057
26100
26058
26088
26057
26117
26062
26077
26062
26074
26054
26084
26114
26068
38060
26052
39135
26052
39254
26053
39128
35236
36345
36291
36412
36312
36431
48030
57621
54521
38549
26054
39182
26067
39125
56328
55656
55161
54519
54210
26115
26083
26696
26051
26128
26087
26090
26082
26078
26078
26092
56264
26084
26075
26126
26073
26085
26068
26094
26087
26136
26072
26076
26088
26081
26076
26086
26092
26071
26133
26196
53754
26053
26081
26099
26136
26112
26246
26070
26109
26083
26072
26088
26075
26088
26078
27033
26093
54952
26068
26412
26059
26077
26054
26072
26069
27758
55088
55007
54168
27041
26067
26131
26055
26065
26089
55149
54430
54013
38661
56799
39103
26061
39095
26063
26082
55162
38157
35751
55062
26062
53425
54465
26049
54715
55847
45581
26058
26066
40074
54674
54158
53958
38691
35985
36304
57253
54885
26080
26085
26080
26106
26068
26074
53038
26082
26083
26067
54453
54183
53789
26083
26059
26062
26059
26086
55435
54326
54006
53855
54225
53639
26102
54467
26063
53963
54035
26076
26072
26095
26075
26077
26104
26060
26165
53405
26073
26123
26088
54896
26150
26077
26179
26074
26325
26086
26053
53772
26047
49247
54861
26049
26048
47446
26064
26070
26072
26077
26068
26082
26079
26095
26074
26119
26079
26199
26112
26098
26066
26151
26123
26085
26074
26104
26078
26071
26086
56264
57139
26115
54163
26130
26116
26073
26090
26078
26138
26062
26084
26083
26089
26074
26626
26113
26090
26085
26076
26116
26963
26168
26116
26085
26077
26080
26077
26115
26091
26725
26616
26159
26131
26089
26071
26127
26097
26081
26839
26086
26101
26065
26086
26072
26071
26048
26086
26068
26196
26078
26071
26072
26128
26070
26064
26071
26073
26462
26069
26077
26368
26063
26062
26187
26084
26081
26073
26072
26073
26070
26075
26080
26072
26070
26120
26818
26069
26103
26064
26077
26069
26058
26438
26091
26102
26077
26052
26072
26067
26067
26071
26069
26064
26200
26062
26064
26068
26071
26059
26064
26062
26063
26069
26066
26067
26061
26054
26071
26067
26070
26065
54575
56363
26127
26107
45801
26140
26077
55556
26100
51548
26083
26085
26076
26073
26435
48803
26104
48024
26062
26080
26068
26064
26062
50671
56764
26071
26072
26093
26133
45595
26198
55214
26063
26055
55475
55178
26056
51481
55338
55236
26069
26075
54080
26064
45364
36971
36307
36323
36364
36313
36327
36301
36352
36411
36357
36321
36324
36326
36312
36331
36328
36317
36640
36319
36332
36315
56151
54065
26065
53941
54684
53681
53759
26155
53938
54342
26941
26069
26099
26070
54960
26070
26070
49543
26220
26099
26071
26061
26083
54952
39379
56640
54243
26072
54522
26072
26063
26172
26081
26060
26072
26077
26081
26064
26085
26657
55700
26111
26066
26366
26104
26069
26094
26069
26088
26094
26065
26060
26085
26081
26066
26070
26077
26953
50151
53381
29191
51900
26056
26058
26060
35873
53568
26076
26064
26072
26065
47982
55806
26072
26083
26075
26070
26097
26075
26069
26072
26057
26076
26070
26076
26069
26073
26620
54503
55900
26093
26095
26121
26065
26062
26091
26106
26071
26064
26293
26066
26060
26090
26354
26130
26232
26064
26065
26072
33412
54815
26067
26067
26069
26051
26074
26075
26073
26066
26062
26338
26059
26057
26070
26071
26059
26068
26073
26076
26069
26064
26059
26063
26068
26068
26053
26056
26069
26356
26081
26068
26066
26061
26064
26067
26066
26063
26060
26085
54050
56871
31350
26159
26272
27471
26256
26117
26162
26131
52367
54609
26054
53843
26103
26081
26080
26155
55647
27036
26107
26114
26082
26205
26424
26081
26078
26100
26085
26191
26076
26117
26218
26069
26160
26069
26080
55004
26066
26068
26070
53156
26104
54172
26055
26091
26097
26082
26061
26051
26062
26081
26099
26082
26073
26065
26076
26066
26080
26077
26064
26053
26063
26071
56575
55980
26066
26076
27013
51854
26054
26058
45855
26075
26074
26085
26077
26067
26076
26064
26065
26071
26065
26068
26089
26185
26098
26086
26058
26066
26072
26065
26058
26074
26072
26078
26070
26060
26059
26064
26067
26079
26054
26256
53507
53984
26071
26071
26068
26084
26064
26071
26072
26060
26071
48330
26071
26080
26087
57166
56763
26103
26067
26074
26109
26092
26187
54828
56300
26078
26066
26162
26259
47526
26087
26077
26067
26075
26077
26070
26083
26077
26095
26079
26070
26064
26075
26072
26081
26079
26150
26083
26110
26075
26077
26071
26063
26077
26067
26076
26074
26062
26088
26108
26261
56849
55719
26076
26074
26075
26058
26087
26137
26123
26076
26063
26068
26065
26083
26098
26096
26079
26061
26077
26084
26078
26081
26081
26144
26068
26071
26064
26114
26075
26071
26063
26083
26066
26071
26073
26066
26068
26142
56030
56965
26075
26074
26073
26081
54385
26073
26076
26061
26073
26060
26066
26078
26091
55391
26068
26075
26082
26066
26061
26069
26073
26066
26071
26064
26082
26070
26073
26066
26054
26071
26159
26060
26075
26076
26064
26067
26079
26071
47358
54225
26086
26071
26064
26073
26079
26075
27053
26094
26100
26071
26064
26072
26072
26076
26088
26281
54850
26054
26055
26069
26063
26076
26071
26912
52574
26062
55676
26060
26135
26063
56513
26075
53829
26092
26082
26079
26096
26318
52300
51718
26074
26073
26080
26083
26066
26072
55223
54187
26070
26079
26065
26800
26160
26071
26064
26073
26071
26061
26088
26058
26059
26182
26082
26079
26072
26062
26065
26059
26075
26532
54981
26072
26118
26073
26087
26067
26064
26087
26091
26088
26068
26073
26073
26191
55327
26088
55801
27595
55345
26074
26070
26064
26063
26086
26072
26115
53407
26077
26076
26085
26103
46328
55160
26085
26073
26082
26059
