59700
61039
58739
51680
31595
60359
31488
31489
60728
58978
31507
31487
52027
36283
31547
32199
31493
31507
31507
31496
31484
31535
50709
31489
31507
59845
31525
31887
31520
35295
31516
59881
61117
59389
60699
31481
31503
61042
54207
58573
31484
31492
31491
59119
31491
52142
31488
31560
31615
31551
59871
31533
58536
46262
46748
58791
61207
60903
59703
62223
60027
31507
60270
50884
31521
59056
60285
59433
56449
59601
31502
31518
31537
43960
60973
59680
31512
31522
31519
59678
60500
59451
45903
43472
44383
55804
53952
61563
59128
60885
44940
52622
60610
59775
59328
31501
31497
60502
60313
39783
31514
60761
61012
61078
58891
31500
60925
60128
61072
45313
60467
59343
55137
31498
50292
52709
53114
59669
59799
60522
31580
31493
31542
31492
59664
60409
31815
31594
46711
59737
60268
60833
59819
45821
48425
59634
62688
60609
60818
59628
60822
48007
45522
62056
59477
61349
31529
31530
31619
31517
31536
31510
59665
46781
61107
60448
57995
60833
31545
60438
59695
60422
31498
60786
59155
60703
61015
59564
45679
31490
61109
59287
60999
48146
52633
58751
61171
61141
59737
58004
31487
61596
59858
31510
60266
59506
49034
55260
61379
59497
31531
60398
61251
58970
58795
60878
31505
31527
31505
31525
31501
60485
57793
59140
33953
31506
60026
52429
54535
31494
45621
61180
60450
59222
31485
31496
59911
61788
42670
31488
61076
46504
31603
31505
31511
31520
31543
31521
61081
59941
58643
61628
61796
41489
61260
54362
60594
31505
60558
31485
31494
61078
62869
61861
59710
54521
31493
47729
54567
31488
33571
31487
60455
62948
50849
60104
31518
31502
31617
31558
59902
61965
59804
61198
60728
60947
59003
31629
60620
58551
60401
59529
60842
61477
59384
45944
48074
46032
31534
31501
31496
31526
31551
31487
31501
31494
31544
31502
31510
58793
46668
31560
60413
31534
31505
31549
31493
31581
31488
31508
31507
61636
60589
31542
31484
60919
45912
59935
45627
59776
60739
60440
58884
61433
31485
56959
59260
31525
60799
58911
31506
31494
34844
31582
59321
60670
62812
31493
60026
45526
60022
60894
61479
46208
46072
60200
61374
47132
31504
61247
61671
59915
59973
60837
55122
31490
31498
61736
31929
60479
61939
31562
60118
59454
60753
59357
60482
59626
60455
31493
31494
60571
40582
31757
59141
61263
46245
59908
60962
59957
60661
31646
31492
31511
31501
60552
45475
31533
31516
31495
60454
61933
60194
58126
60734
31487
31495
51587
31517
31493
33256
60573
59254
60794
59748
60899
59715
61795
31515
34328
31495
38045
31497
47262
37941
31494
59526
31509
58359
31495
55370
60264
58406
60529
47015
31491
31496
31487
31489
31481
31501
60933
39884
31510
31512
31506
31495
31498
31506
31554
59268
31484
31497
60184
31482
31511
60442
58764
31490
31493
31694
31496
59216
61131
59924
31491
31482
60417
58947
61068
60397
31490
31508
31513
31575
31514
31500
31515
31506
31507
58139
60413
59004
60501
31745
31498
31545
31517
31542
58847
31549
31485
31498
31488
59301
31500
31561
31513
59627
60421
58911
60742
58927
60698
59050
60710
58992
60017
58966
60754
58986
31493
31503
52728
31506
31500
31521
31512
31536
31494
31494
31494
31522
31586
31609
31540
31527
31506
62249
62512
31522
31512
31565
31500
31499
31515
31509
59168
31490
31691
32018
32043
62679
31505
61407
61652
31493
31496
31501
31496
31491
31501
31660
31500
31491
31494
31499
31497
31511
31554
31508
31494
31501
31498
31496
31511
31489
31499
31827
31516
31502
31527
31533
31518
31507
31544
31505
31481
31578
31531
31514
31507
31523
31899
58757
31485
31534
59878
31551
31503
31525
31661
31518
31506
31509
31505
31521
61366
57618
60560
31504
60483
63325
60932
31496
59352
31533
31685
61056
31613
31569
31588
31666
59776
61042
60971
59664
31557
60229
58928
60688
59161
60802
61522
59822
61546
58795
60659
59077
60791
61365
59608
60966
58905
31505
33074
58846
58391
60484
58785
60831
59111
60141
58529
31506
31510
59847
58646
35760
61690
31524
59557
60846
52129
60606
58992
60588
31495
31504
31511
31509
31511
59546
60547
61327
58993
60698
59131
60672
58988
61086
61113
59005
60892
47462
47020
60780
59177
60690
59050
31536
31515
31503
31512
31504
31576
31500
31512
31508
31501
31507
31496
31510
31556
31667
60532
31664
58954
63243
55212
31748
61172
59943
61273
58971
31517
31503
31500
31529
58607
61025
31505
31499
31498
31497
31668
54993
58932
60671
60915
59419
60778
59042
61112
58787
60573
31494
31492
60088
58716
60586
58916
61040
60023
59570
31520
31596
31507
31511
31496
31509
31504
31510
31517
31514
31519
31694
31511
31530
31526
31512
31508
31570
31560
31516
31562
31669
58945
61311
31789
31504
33228
61086
31487
31576
31499
31505
31504
31777
58490
61282
54593
59081
60189
59606
60364
31505
60778
61515
60427
31607
60188
59604
60142
31495
61497
60371
59484
45794
31599
31493
60473
61025
58974
62600
60701
31502
37861
60375
31496
31502
31533
46229
31526
31560
31554
31500
60837
31502
31594
31541
31524
31513
31508
31511
31535
31751
31580
31507
31568
31510
31562
31587
31511
31537
31609
31509
31539
31532
31512
31526
31736
31511
31560
31508
31506
31503
31511
31500
31525
31608
31525
31507
31511
31506
31512
31550
31540
31519
31554
31494
31498
31568
31504
31519
31549
31509
31497
31549
58871
57567
31510
31535
31516
59522
60906
59046
31489
31510
31497
31919
31499
31560
31532
31522
31550
31505
31505
31636
31494
31504
31545
31521
31561
31569
31504
31505
31893
31921
31604
31553
31567
31503
31503
31503
31497
31580
31564
31537
31688
31536
31501
31527
31631
31541
31511
31601
31519
31560
31580
31511
31536
31554
31516
31540
31527
59137
31923
59268
31506
43011
43883
31495
31504
31575
31520
31504
31510
31536
31508
31566
31522
31525
31500
31548
31498
31527
31606
31504
31542
31552
31591
34642
31645
31815
31621
31511
31522
31514
31506
32176
32443
31644
58331
60670
58878
60431
61140
31510
60809
58796
60523
58794
60537
31513
60759
61199
31523
60413
31500
61385
60788
58959
60671
58827
60577
61219
31644
60415
31504
31501
31546
31524
31504
31532
31503
31516
31787
31512
31570
31626
31511
31509
31504
31501
31502
31572
31532
31513
31517
31550
31518
31525
31560
31589
31503
31566
31513
31517
31637
31500
31549
31530
31493
31521
31514
31506
31504
31928
31842
