112472
104066
106743
83420
112093
110756
111970
83430
112461
112619
110799
111726
112498
110623
112888
112572
112383
110440
112214
108210
111259
111721
110397
112228
111372
83412
110546
112453
112099
113040
129231
109007
98701
84725
110628
111565
106565
111466
111700
110824
111661
89061
111221
112211
114064
111588
84537
83814
83520
83533
87696
88883
90708
83538
87131
84081
83446
83433
83452
83433
83461
83460
83445
83515
87697
83445
83813
83445
83418
88289
83475
83519
83491
83444
83449
83842
83559
83528
83501
83649
83447
83463
83439
83479
83475
83470
83484
83499
83678
83486
83462
83462
83506
83681
83479
83489
83496
83450
83470
113316
108009
83447
83434
83433
83881
83454
83434
83442
83414
83447
83454
83480
83435
83436
83427
83432
83446
83448
83461
83426
83423
83426
83440
111170
110946
109971
83431
83441
83577
83477
83432
83414
83560
83491
83537
83522
83439
83452
83435
83434
83460
83551
83493
83446
83445
83519
83512
83497
83460
83419
83471
83470
83458
83455
83425
83439
83472
83517
83522
83465
83464
83504
83764
83537
83518
83490
83481
83456
83505
83463
83485
112812
83463
111964
83455
83462
83461
83431
83452
83519
83483
83543
83451
83509
110107
114361
111390
83490
83462
83642
110293
109491
83431
83429
110320
111715
113040
112606
83462
83455
83489
83440
83452
83415
83438
83455
83479
83467
83456
83435
83440
83420
83494
83488
83410
83441
101530
83592
83481
109816
83411
83400
83395
83435
83426
83393
83393
83441
83494
83750
83396
83403
83402
83408
83425
83400
83720
83392
83399
83448
83404
94693
110220
111855
108450
83432
112371
113036
83386
112221
83430
112862
112003
83411
112794
110555
83445
111451
83457
111450
110619
83462
110575
112761
83431
112340
113289
112345
83439
113154
112155
114454
112480
83395
113962
113352
110883
112457
114172
111577
112555
83422
112364
112179
83471
112667
112035
83449
83802
111875
112170
110282
111701
83485
112265
113088
83511
83431
83435
114195
109234
83813
111526
112841
112477
83454
112381
83828
111497
113103
113499
112650
83484
83541
111246
112852
112136
83900
112320
83473
111771
83513
112108
112101
107318
112895
110985
111892
112964
110708
112682
83436
111331
113168
83436
112348
112646
83441
112021
83466
83569
112243
83431
111023
112793
112577
113440
110260
83958
83474
110873
111073
112647
83440
83438
111581
83449
83758
83638
83480
111838
112374
112791
110252
83722
83463
83445
83517
83416
83455
83506
83430
83504
83424
83489
83477
83438
83473
83507
98221
113331
83463
112644
112594
83475
111861
83929
109650
113175
111407
112497
110032
112274
121401
83442
83419
83412
83428
83434
83422
83427
83426
83415
112211
83486
111244
111607
112215
112086
113341
109923
112249
110441
112512
113178
96359
112486
112601
112765
83486
83467
112300
91066
84133
110463
111643
83551
83469
83442
112781
113336
112242
83596
112034
83405
112782
111931
83438
112056
83818
112656
111999
83428
113584
83617
83391
83481
83415
83437
112187
112481
83792
83468
83426
83425
83429
83421
83516
83429
111883
114565
111807
113255
83407
111890
113206
112537
112817
112537
83419
112864
83487
111873
112229
83434
112029
113263
111993
83459
83490
83447
83547
83417
83499
83641
110339
111941
112586
110655
83763
83461
110679
112347
111599
83408
112651
112614
83395
113067
111863
83429
112312
83406
83411
111320
112115
83409
112676
112706
112777
83480
111934
113873
111466
111081
112053
83405
83412
112271
111500
110533
111697
113408
111786
110652
83452
111543
99134
83423
83448
83466
83452
83705
83419
83459
83429
83439
83701
83481
83903
83458
83896
83455
83956
83509
83443
83440
83437
83449
85161
84205
83503
83536
84303
83480
83603
111312
112594
83467
111783
112801
83544
114319
116503
100665
99725
112397
110476
111417
113060
83554
83473
83497
83564
111972
83398
112099
83464
83553
83472
83553
83407
83390
83397
85211
83409
83430
83394
83417
83397
83466
83414
83406
83436
83636
83784
83436
83422
111099
112214
111088
110052
111294
112580
83506
111903
83418
83497
83448
83461
83446
83486
83421
83432
83479
83464
83512
83422
83424
83499
83925
83434
83431
83442
113376
110744
83431
83489
111915
112975
112705
112457
110328
112057
110744
113237
111297
83402
111632
113364
112724
111065
111896
111172
83410
110441
113113
84342
83537
83460
83469
83476
83449
83437
83442
110552
112410
109845
111952
113168
88302
110797
112910
112505
83443
112792
83389
111188
112992
83406
112006
113005
112564
112654
112369
112751
84403
111797
112004
111023
110850
83416
111596
112532
113251
83408
111445
112767
112500
113541
112607
112661
83424
112528
113045
111796
83655
112052
112403
110951
111536
83518
111354
112678
112649
112620
83423
111941
113607
111763
83447
112459
112321
83604
112211
112075
113451
112377
83480
111752
112333
83439
112712
112415
112918
112242
111939
111146
111879
110966
112824
112923
113300
112059
83443
112592
112370
83585
112143
112569
110520
111901
113151
118704
97787
85111
83442
83489
83442
83496
83421
83421
83431
83423
110344
112790
112603
112251
113376
111969
83454
112429
112830
112520
112724
112369
113249
112598
83495
83534
83547
112554
83479
83433
111383
112016
83506
109703
83398
83404
112344
83467
112113
106417
110338
83559
83500
112995
114337
111621
116323
83453
111650
83405
112263
111724
83425
83427
83431
111965
111760
83441
83498
83457
84332
83478
83636
83467
83475
83483
84350
83456
83583
83479
83460
83464
84368
83829
83441
111977
83625
115823
114092
113186
110872
110371
111430
112943
111957
83431
112960
112174
83399
112259
112352
83411
112971
112352
112967
106340
113061
111786
111147
112992
112760
110295
112627
111561
113836
111736
113505
109434
105825
111246
83510
83460
83562
83414
83389
111603
111901
113193
112514
108368
83453
110086
112564
111771
112935
112481
113570
112119
110751
111782
113220
112581
112865
83523
111984
83495
112645
112534
110501
111757
83467
85954
113728
111611
112426
83488
83455
83481
83419
83420
83429
83450
83474
83444
83802
83469
83428
110861
114790
111664
112718
111263
111613
112783
112140
83506
112723
83628
88314
83470
111766
110872
111799
113236
111903
87442
112668
112469
113066
120985
110492
108906
83429
83416
83449
83433
83482
83431
83420
83423
110061
112128
108257
83528
112061
112682
83507
111940
111929
111820
111081
104891
112511
112467
112319
89011
111453
112261
83442
111948
112458
83459
112130
110383
83389
110830
111714
112850
83385
112335
83476
111572
112546
83475
83863
110801
83464
111541
112493
83707
111656
112721
83400
112474
83470
112651
112035
112617
113193
84615
84662
83625
83548
83468
113856
111705
83505
111799
83416
112145
112341
112829
110552
112846
109744
83411
