58393
58379
58421
58387
58492
58442
58401
58378
58385
58389
58380
58377
58701
58467
58380
58398
58381
58381
58390
58398
58384
88223
88048
58407
58385
58414
58389
58391
58553
58398
58382
58382
58433
58388
58379
58385
58586
58397
58396
58401
58436
58382
58383
58384
58410
58820
87725
87768
58400
87025
58399
58406
58434
58424
58406
58398
58392
58388
58389
58419
58421
58417
58438
58410
58397
58396
58382
58392
58404
58395
58400
58387
58402
58419
58407
58391
58395
58419
58402
58423
58421
87627
58387
58406
58856
58402
58440
58387
86525
58387
58375
58379
58426
58386
58400
58388
58389
58379
58380
58401
58384
85594
58372
58399
58398
58386
58381
58586
58392
84578
58422
71769
58401
58387
58384
58386
58725
58465
58423
58393
58463
59285
59341
58622
58382
58572
58399
58386
58386
58393
58414
58382
58382
58385
58397
58393
58401
58411
58393
58386
58387
58385
58383
58397
59346
58406
58391
58382
58389
87174
58435
58388
58383
58408
58383
58385
58390
58371
58390
58413
58427
58394
58385
87687
58407
58407
58521
58420
58455
58415
58457
58417
58413
58402
58499
58666
77285
58406
58413
58397
85236
59289
58449
58776
58404
58451
58396
58503
58397
87042
85324
58402
58405
58474
58399
58379
58380
76496
86254
58395
60386
58539
87402
58425
58441
58401
58424
58419
58400
58383
58384
58547
58410
58414
58379
87126
58401
58425
87071
58389
58389
58391
58385
58396
58376
58386
58384
86154
58387
58371
86693
58400
58382
87432
58391
59058
58382
58397
58489
58448
86256
87796
58466
58414
58391
58418
58416
58396
79496
89362
87697
86810
58385
58387
58384
58378
58394
58388
58420
58391
58383
58384
58381
58378
58393
58404
58400
58375
58384
58380
58375
58376
58404
58750
58431
58377
58398
58385
58403
58407
58431
58413
58916
58479
58423
58384
58445
58439
58433
58642
87493
58419
58423
87213
58383
58384
58376
58656
58388
58370
58399
58403
58380
58386
58374
58391
58831
58399
58736
58388
58384
58383
58387
58371
58696
58409
58572
58398
58388
86238
58399
58458
58415
58423
58460
58408
58408
58399
58396
58415
58406
58412
58411
58410
58412
58430
58435
58389
58428
58436
58417
58395
58411
58389
58388
58390
58410
58388
58399
58382
58387
58443
58386
58399
58385
58384
58380
58382
58409
88008
60411
58399
59495
58980
58522
58516
58472
58466
58389
58381
58392
58451
58384
58397
58393
58425
58391
58410
58414
58402
58426
58404
58498
58401
58426
58416
58425
58403
58402
58399
58424
58402
58403
58414
58425
58391
58442
58401
58638
87392
58442
58390
58386
58431
58427
58552
86236
58417
58383
58408
58380
58376
58410
58386
58413
58419
69303
86973
86089
85991
85487
88375
85896
87884
58582
86064
87323
88573
87398
58397
58392
58411
58405
58411
87181
87784
86451
58392
58391
85303
88398
58383
86238
58391
58382
58401
86219
87454
86605
87742
86447
87669
86290
58404
85664
58404
58377
58385
58405
58456
85580
58417
58419
58449
58406
58417
58403
58433
58629
58438
58399
58411
58551
58410
58385
58389
58385
58383
58390
58384
58396
58385
58401
58403
58411
58384
58399
58385
58417
58392
58620
87637
86300
58378
58384
58372
58388
58388
58389
58409
58391
58404
58384
58392
58410
86637
86266
58377
58392
58376
82474
65799
59289
87744
58685
87531
86844
58392
85150
86911
89099
88466
58498
86077
58545
88310
88859
86457
71379
85710
86954
69212
85126
86929
86048
85762
58397
58408
58437
58453
58430
58411
58427
58460
58376
58427
58437
58474
58427
58429
58411
58417
58437
58422
58463
58473
58391
58413
58405
58538
58385
58384
58397
58419
58400
83513
89773
87106
86800
58423
58540
58386
85977
86293
87042
86148
85972
87589
58397
87090
88978
89554
87476
86979
87773
86884
87175
86443
58407
58380
58381
58391
58383
58391
58381
58383
85699
58407
58388
86370
85492
87955
85697
58401
58397
86132
88231
87651
87446
86244
58378
58394
58470
58416
58388
58433
58395
58403
58392
58431
58405
58404
58398
58391
58407
58392
58396
58406
58406
58394
58403
58387
58976
85930
87597
86926
86591
88153
87163
87524
86856
58403
87762
87053
87684
86210
87426
86280
58480
87830
88169
58524
58401
58453
58396
58402
58421
58458
58440
58462
58448
58411
58404
58417
58404
58397
58390
58703
87323
58367
85894
85672
58371
58368
85788
87270
86216
85859
58391
58398
58481
58410
58426
58424
58407
58396
58438
58488
58387
85607
85467
87744
87499
86963
85928
85749
87963
58382
86099
85947
85847
58382
58423
58377
58374
58389
58386
58386
58489
58415
58384
58390
58386
58385
80976
88813
87591
58452
58451
58387
60154
87196
73167
87327
58379
86251
88465
85957
85600
58427
58476
58413
58397
85982
58387
58404
58413
85637
58437
58437
85926
58413
58601
58403
58495
58403
58398
85874
58477
58405
58404
85403
58480
58380
58394
58381
58373
58390
58400
58387
58387
58396
86999
87971
58400
58379
86321
58466
58401
58406
58418
58406
58449
58424
58426
86505
86270
86211
58461
58464
85842
58390
58791
87419
86753
58402
85611
58425
58418
58433
58425
58402
58392
85708
58430
58400
77416
59349
80476
58461
87066
73255
87908
88030
87000
58480
58416
58583
58418
58646
58585
58460
86536
58370
58408
58392
58379
58407
86194
87541
86367
86033
88296
86173
86249
87489
58373
87318
72758
87405
86914
58379
87363
86625
87763
58412
86709
87936
86474
58390
87756
87372
87831
88116
87933
95755
83868
86371
58412
88295
86947
85251
58385
58377
58385
58385
58371
58387
60206
87147
86083
73132
86672
73119
86215
85779
86336
84792
86253
87618
58397
58467
58422
58443
58427
58414
58394
87185
58393
58378
58397
58427
86012
85712
58409
88322
58431
58390
58407
58387
58391
58400
58386
58391
58395
58391
58419
58399
58407
58387
58398
58419
58402
87005
86014
58409
58390
58408
58421
58439
58384
58398
58422
86366
58376
58530
58392
58408
58390
58389
58386
60118
58805
58432
84701
86365
87349
87253
85648
70183
73564
87190
58399
87632
87088
87824
86961
85730
58561
88262
86093
86225
87800
87019
87318
86752
58363
86426
88249
87177
72793
86948
85791
86490
58462
58677
87968
82287
86280
86348
88036
85614
78846
86943
58359
86678
86249
87010
80976
87615
86764
85800
86222
58377
86293
87921
80821
73222
84418
87529
86456
73102
86217
86856
85947
85738
85838
87888
86193
85662
85612
85533
87893
86603
86065
86479
85639
88059
86560
86663
