6796
6810
6768
6769
6886
6598
6891
6501
6469
6522
6646
6470
6792
6519
6467
6567
6614
6661
6576
6470
6487
6472
6465
6495
6472
6651
6466
6476
6463
6473
6492
6490
6578
6499
6487
6473
6486
6498
6475
6467
6469
6490
6469
6486
6467
6499
10283
10535
8243
7836
7356
7270
8560
6646
6828
6886
6813
6808
6789
6715
6673
6629
6588
6569
6539
6472
6505
16201
16395
16211
16373
16329
16456
16278
16288
16529
16316
16290
16286
16310
16289
16296
16303
16333
16288
16286
16321
16332
16323
16348
16335
16312
16335
16383
16316
16515
16317
16589
16367
16438
16287
16290
16333
16310
16305
16298
16281
16285
16322
16259
16310
16301
16345
16273
16274
16297
16295
16312
16289
16295
16352
16319
16371
16305
16313
16599
16317
16318
16292
16298
16254
16323
16289
16285
16329
16332
16316
16304
16286
16314
16281
16301
16290
16286
16284
16349
16300
16348
16293
16309
16301
16271
16280
16303
16304
16317
16284
16310
16324
16302
16354
16307
16381
16301
16301
16289
16299
16296
16333
16299
16294
16303
16317
16304
16301
16317
16265
16311
16360
16285
16373
16283
16307
16324
16332
16724
16284
16281
16288
16288
16339
16317
16313
16309
16335
16343
16313
16459
16539
16341
16340
16311
16324
16320
16296
16399
16346
16291
16320
16313
16285
16364
16934
16504
16387
16327
16312
16304
16315
16311
16382
16408
16444
16859
19845
16309
16294
16308
16340
16293
16289
16296
16618
16358
16338
16303
16290
16332
16450
18306
7937
8104
8001
10823
9347
6757
8291
6506
6514
7036
10398
9924
9772
9236
9166
9243
19956
19896
19898
19815
19237
18329
18368
18347
18371
18330
18330
16862
14650
11413
7389
7443
7321
10148
6860
6993
7015
6930
6782
6703
6645
6518
6519
6466
6469
6468
6474
6499
6477
9705
6488
6476
6491
6464
6465
6478
6481
6468
6487
6491
6466
6468
6474
6482
6466
6504
6491
6545
6481
6561
6574
6534
6524
6472
6477
6469
6474
6516
6484
6517
6490
6516
6472
6511
6490
6568
6535
6464
6476
6485
6486
6474
6482
6466
6487
6485
6469
6506
6748
6554
6698
6505
6471
6469
6798
6466
19300
6502
6466
6471
9452
6476
6467
6508
18359
6474
16198
6471
6470
6467
6477
6641
6526
6485
6488
6516
6795
6486
6467
6493
6472
6471
6484
18845
6494
18342
6472
6468
18408
6604
6892
16269
18748
18388
18293
16438
16537
16495
16523
16572
16349
16393
16284
16656
16357
16302
16333
16303
16304
16462
16502
16369
16306
16292
17085
22555
10465
10766
10126
6753
6692
6670
6540
6539
6897
6728
6694
6724
6699
6633
6510
6546
6737
6489
6460
6464
6475
6475
6473
6659
6480
6465
14321
6484
6507
16386
19910
6499
6481
16217
16219
16402
6601
16240
16323
16188
6492
6473
6642
6487
17050
6593
6486
6525
16209
19949
9023
6502
6514
6506
6490
16181
16470
16664
16597
18016
18856
18842
18328
18333
19884
18412
13165
19836
19843
19850
19836
9013
9009
19332
18371
18316
17066
11519
11405
11107
11124
11605
7145
8245
8399
7560
7508
7577
8740
9034
7449
6935
6984
6909
6889
6794
7048
6833
6797
6682
6600
6699
6860
17715
18335
6614
6598
6602
6601
6615
6613
6745
6675
6646
6655
16397
16197
6468
6469
6458
6470
6493
16647
6481
16465
16190
16183
17421
18341
18549
18355
18309
18363
18336
16851
18411
18304
18304
18411
17253
18310
18318
18358
18330
18542
17149
18326
18321
18365
6674
18653
18456
18370
18419
16324
16513
16328
16312
16335
16340
17490
16272
16258
16218
16648
16303
16344
16364
16319
16401
16315
16323
16314
16343
16283
16333
16631
16326
16347
16340
16331
16279
16309
16398
16302
16334
16535
16324
16305
16334
16313
16327
16385
16288
16360
16452
16333
16287
16313
16365
16485
16427
16398
16706
16360
16316
16330
16287
16479
16369
16424
16413
16315
16388
16435
16300
16289
16349
16312
16295
16291
16274
16302
16284
16347
16284
16310
16282
16416
16318
17594
10619
16194
6478
6496
6473
6581
6525
6463
16274
16488
9081
20421
9025
19986
19939
17410
16364
16362
16367
16292
16281
16318
16289
16605
17989
8672
7912
7477
7570
7166
8265
7225
7375
6858
7181
6842
6835
6765
6818
6767
15745
6640
16438
16236
16713
16362
6491
16799
18344
18370
18332
18319
18380
18349
18440
18354
18338
18358
18329
18372
18339
18361
18337
18363
16869
16349
16303
16335
16326
16321
16290
16317
16342
16433
16426
16328
16363
16313
18647
16401
16341
16303
16306
16285
16321
16331
16290
16291
16322
16357
16334
16282
16306
16346
16323
16305
16323
16387
16582
16674
16431
16487
16283
16334
16338
16329
16316
16304
16303
19681
21670
6938
7042
8420
7230
7459
6730
6686
6662
6598
6604
6595
6470
6467
6473
6473
6473
6466
6474
6472
6484
6471
6497
6466
6491
6468
6486
6483
16551
6534
6475
6502
9121
6558
6471
6466
6475
6495
6508
6491
6511
16265
6479
6616
6474
6539
6630
16397
6649
16530
6465
16252
18359
6484
6524
18373
16848
9501
6477
6472
6479
6465
6579
16421
18328
18395
18375
6478
6526
18546
18392
7256
16876
16805
17175
16374
16894
16351
16394
16306
8898
16546
6482
16705
6466
16831
6712
16485
18331
16512
16316
17632
7961
8047
7752
7602
7814
7704
10032
10001
10171
14067
16490
16203
16194
17969
16179
6472
18343
18335
18329
18336
18433
18414
18708
18459
18523
18843
18393
18364
18496
18301
6482
6480
16342
16349
9226
9009
16208
16561
18332
16183
16237
16325
17945
16285
16455
16417
16447
16487
16282
16689
16288
16310
16276
16332
16337
16458
16295
16297
16331
16325
16295
16286
16317
16279
16332
16584
16292
16360
16333
16293
16288
16328
16582
16286
16348
16314
16344
16446
16427
16377
16293
16301
16285
16347
16301
16284
16335
16392
16360
16388
16533
16482
17185
16467
16355
16322
16497
16321
16283
16588
16363
16306
16646
16318
16340
16411
16433
16384
16320
16479
16403
16367
16339
16329
16321
16347
16297
16422
16418
16787
16304
16362
16469
16295
16327
16284
16286
16286
16319
16358
16304
16392
16334
16381
16300
16597
16289
17008
16292
16338
16311
16286
16471
16363
16319
16469
16652
16295
16288
16285
16327
16444
19865
16421
18925
16363
16355
16351
16342
16378
16391
