60221
58574
57514
60117
31221
60748
31187
31309
60874
58964
61223
60745
31303
58664
31194
31219
59681
61459
61534
59712
31192
60986
31223
60387
60320
31226
58962
60831
31199
60337
56544
60354
60922
60087
31178
50599
31205
31177
31239
31196
58640
60071
54833
59006
31265
56241
60369
31211
58469
60594
31193
31198
31196
31187
51148
31215
31183
31190
58239
60027
57583
58480
60342
31645
60554
58850
59970
31208
58500
60352
31259
31197
60452
58701
59399
60784
31236
58977
58322
60354
58885
44981
31258
31226
58671
60468
31202
60402
58865
60693
31270
31245
60601
31195
31205
58482
31264
31204
59420
62283
57837
31179
31197
40423
58611
31184
31174
31196
31181
31194
31198
31209
31185
31195
31281
31211
31195
31201
31198
31194
31149
31227
31197
31198
31197
31373
31214
31192
31559
31200
31210
31238
31204
31196
31378
31261
31221
31207
60045
31303
60080
31172
54692
31219
60961
59204
58387
31560
31221
31226
59527
31213
31215
31214
31233
31771
39406
55620
58563
31178
56615
31184
31201
60763
31185
31314
57560
61674
60042
60689
31282
56038
59529
61486
58420
60390
59041
31358
31222
31206
59726
58455
66033
48334
31285
49368
58138
31194
60968
31176
31300
31187
52483
31192
31190
58811
55813
58846
60863
58702
31198
31193
60006
58769
62986
59789
31194
31194
31191
31429
31203
60066
31238
60260
61072
60719
59479
58723
59733
58468
31197
31211
60010
31178
44962
59312
31177
60431
60991
51823
60352
31214
31201
31216
31201
31197
31508
41150
62388
47535
58778
57981
31185
60626
58599
31182
40469
59137
60732
59619
59681
31176
58167
58586
31188
31188
59503
58912
31227
31200
31244
31196
31188
31232
31188
31192
31199
31195
31203
31199
31298
31194
31201
31209
31202
31206
31196
31204
31209
31589
31213
31208
31194
31201
31194
31696
31188
31203
31192
31218
31178
31308
31239
31195
31209
31208
31191
31204
31192
31203
31216
31373
31199
31222
58856
31208
31227
31191
31210
31220
31193
31205
31183
31194
31190
31435
31233
31210
31186
31192
31186
31237
31186
31203
31219
31189
31191
31185
31184
31196
31341
31203
31202
31196
31188
31188
31181
31186
31306
31208
31195
31191
31192
31195
31190
31192
31887
31185
31185
31196
31508
31259
60618
31297
31243
31186
31198
31197
31187
31191
31462
31209
31209
31198
31197
31205
31854
31222
31214
31227
31220
31207
31236
31189
31191
31203
31234
31214
31214
31192
31192
31217
31194
31181
31213
31198
31207
31207
31198
31200
31189
31215
31223
31217
31180
31199
31191
31216
31187
31202
31228
31233
31211
31197
31207
31200
32031
31214
31315
31459
31227
31201
31241
31510
31198
31208
31199
31202
31193
31193
31191
31208
31400
31236
31208
31258
31208
31204
31355
31201
31194
31241
31200
31220
31207
31188
31194
31420
31207
31198
31204
31177
31198
31252
31208
31207
31200
31207
31180
31202
31209
31185
31264
59883
57841
31220
31209
31192
31189
60659
31191
31190
31189
60741
31718
60702
31230
31217
31200
31230
31375
31193
31194
31189
31206
31186
31192
31191
31203
31950
31197
60372
59598
62000
59804
31201
31238
60617
59068
31297
31216
31278
31280
34506
46791
32879
31201
31199
31192
57681
60203
57253
59824
31201
60575
31170
31222
57880
60186
59130
31232
31554
60927
61488
58499
60269
57785
31210
31364
31271
31209
31227
31990
31209
31315
31257
31211
31212
31270
31202
31491
31211
31214
31209
31197
31214
31231
31187
31218
31203
31354
31213
31220
31200
31267
31194
31195
31204
31242
31194
31198
31241
31181
31231
31205
31210
31301
31193
31187
31248
31198
31202
31212
31289
31225
31451
31194
31256
31239
52489
31845
59438
31202
31665
31193
31204
31207
31205
31197
31205
31188
31196
59941
31442
31194
59612
60946
59525
31218
31206
31220
31184
31226
31206
31372
31196
31186
31501
31521
59029
58227
31221
31197
31242
31192
31201
58616
60334
31258
31190
60951
31948
31186
31198
31208
36995
59759
31230
31179
60904
31285
43769
31202
31198
31200
31194
31190
60388
31191
31296
31207
31212
32140
31202
31335
60474
31200
31187
31191
31191
60064
31198
31207
31193
31185
31192
60548
31199
59372
31197
31294
31187
31198
31204
31209
31185
60813
31193
32098
31220
31342
31240
31191
31192
60572
31210
31294
31426
31301
56658
45851
31670
31233
31209
31324
31667
31213
31186
56834
31782
32555
31621
31203
31199
31193
31186
31198
31190
31201
31191
31199
31186
31202
31188
31185
31185
31200
31226
31193
31189
31186
31212
31258
31206
31200
31353
56387
60017
31199
31195
31183
31192
31193
31193
31187
31519
31193
31233
31201
60600
31190
31196
31203
31225
31188
31232
31198
31173
60335
60984
31263
31233
31192
31204
31191
31192
31192
31189
31308
31201
31179
31186
60836
31202
31243
31205
31196
31206
31204
31207
31198
60817
31189
31191
60521
31770
31240
31183
31295
31195
31211
31438
31508
60360
31202
31230
60536
31183
31185
31627
31188
57842
31188
31200
31188
31188
31193
31198
31199
60338
31190
31207
61244
32011
44499
58675
61881
31317
31193
31189
31228
31206
31184
31182
34999
60314
31187
31191
31238
31188
31194
31189
31197
31228
31195
31224
31200
31416
31214
32209
60541
31205
58625
61154
31199
31200
31209
31187
31202
31194
31202
31514
31213
31255
31195
31195
31449
31399
31192
31195
31192
31259
31186
31179
31203
31192
31186
31577
31202
31188
31233
31219
31337
31192
31191
31190
31186
31194
31184
31186
31181
31191
31931
31190
31626
57560
58446
62150
31195
31205
59675
31183
31215
31191
56162
31205
60585
31181
31206
61260
31192
61314
31192
31192
60764
60332
60968
31211
31219
31197
31197
31193
31197
31189
31197
31204
31233
31241
31494
31236
31209
31191
31265
31467
49464
58972
60649
31184
31187
31197
31214
31553
31214
31226
31198
31193
31199
31206
31208
31192
31223
31219
31192
31204
31200
31193
31362
31420
31208
31205
31209
31255
31210
31188
31197
31199
31195
31198
31192
59415
31184
31800
58655
46092
31177
31189
31187
31181
31184
31213
31190
31223
31181
31182
60990
31280
61043
62566
31204
60099
58487
61160
31191
60836
59018
60170
31186
31173
31195
31193
31193
31231
31194
31240
31199
31188
31192
31954
60283
31189
60379
58687
61220
58546
60409
31184
31183
32020
31187
31373
31191
31336
31189
31220
31190
31186
31205
31195
31190
31181
31199
31183
36163
57464
31197
31226
31233
58751
31201
60376
