95621
94285
93809
96184
95263
94482
95447
94443
94272
94156
95646
95803
97496
66510
66470
93621
95813
91374
95285
94165
94236
94648
93029
93225
95668
94704
93864
95874
111655
68808
95624
89999
81539
95459
93644
95772
94255
95731
93497
94118
95425
94938
83844
91165
66479
94668
66525
95861
94238
93703
95455
94230
93835
94738
95824
93729
66373
94001
93588
96557
94738
94159
94283
94692
81198
66462
95035
93470
93728
93541
96536
94600
95915
94569
83985
96167
85728
95188
91932
95455
95018
96284
91213
94899
83437
93186
93379
93467
93491
93267
66402
93863
95685
94881
66388
93071
95850
95227
94027
93899
94062
95549
94831
93971
93778
97321
93618
93746
93670
93594
93478
66381
93854
66404
95812
96332
95196
94387
66380
66393
66438
66425
94400
94547
93364
93495
66410
66402
94046
94246
66420
66375
66453
66397
94262
93851
95792
95498
94835
66440
89032
97152
66744
94992
93904
93694
66376
93823
66431
93160
93314
66362
93666
86015
95016
66401
95369
66364
94329
94628
93460
66393
95564
94329
96616
91513
95862
94232
93822
95599
66731
66437
66436
66409
66386
66391
66448
66611
66455
73648
97202
66782
66384
66394
96889
93810
96106
66396
94789
96458
95104
96029
94506
93353
96217
94121
96645
94499
96026
94473
96374
66429
94469
93244
66414
82133
92895
66525
66723
95585
94363
95586
92358
95240
94267
95512
95798
66558
66430
66493
95525
95571
94804
93481
96251
94192
66359
93480
93799
66410
93482
66414
93467
66387
97254
96664
95359
94761
66427
95720
94514
95728
94792
96004
95220
95240
94491
95869
66418
95127
97170
94263
94608
94591
94609
94846
93846
93730
93779
95909
95385
93683
93540
93629
93491
94310
95035
109206
66813
93705
94373
95440
93841
93694
93686
93392
66406
66474
66389
66461
93206
95766
94785
93537
66376
66384
93523
95723
94819
95894
93881
93826
93627
93547
66387
93590
95279
94382
93820
96016
94331
93734
93571
66415
94131
95776
94396
66394
93616
95081
94966
95710
91572
94383
95591
94732
96006
94841
95985
94975
66437
66462
66444
66430
95987
66381
92779
66355
95100
94251
95886
94353
95548
94852
97507
95843
93682
95252
95938
66475
66417
66404
96658
92879
96532
66449
66410
66402
66402
66398
66410
66405
66447
66396
66408
66420
66516
66413
66708
95063
93980
96438
94268
66557
66506
66523
93944
95559
66540
95398
96442
66433
95915
93892
94448
94911
94534
93359
93853
96471
95735
95808
95048
94717
66824
69206
89565
94797
78855
94377
94282
66403
92737
93756
95419
94596
97657
95443
95182
94857
94737
96369
95597
94581
94432
95687
94819
93416
95200
96221
92997
95400
94242
93579
66533
66435
93664
96044
94442
66390
66387
93073
66581
93924
95806
93960
93495
95450
94538
93795
96124
94223
93557
96205
96302
93754
97877
95250
77996
94479
95908
95270
93950
96951
96974
95159
94178
94311
96349
94283
66553
93359
94732
66404
93927
95607
93876
96256
94278
94129
95490
94606
93528
93997
96643
93686
66552
66457
93416
96992
95060
94276
94308
66514
66402
95403
95457
99420
67837
88335
94633
66388
66698
66416
66425
66383
93394
66397
84834
94728
82931
95524
81717
95023
94653
66396
66376
95653
81478
94222
88567
94544
96681
94458
95254
94098
94543
91186
95829
94128
94862
66471
96051
66367
94343
66365
94285
94700
89984
81397
95157
94617
96491
84907
95656
94147
96593
95228
93888
96782
93520
66365
94176
66356
93866
66381
66467
81839
94613
96503
94170
82915
66382
66378
66383
94327
95075
93521
96065
95701
94451
95994
95594
66478
94181
87615
66374
93384
96359
94371
93432
95753
94797
95944
95400
93908
95664
94118
94554
95597
95044
95362
94640
93713
94202
96236
95402
93587
93987
95591
94949
66424
95562
94838
93294
96256
94208
96577
94500
92901
95098
94604
96493
95230
95727
94841
100440
95012
90149
93377
93937
96440
95294
95931
94430
95730
81895
87843
94802
91287
66423
95642
93968
94746
94820
95393
93672
94115
95695
94904
96894
95896
81164
96641
95803
95190
74967
95813
94088
94129
95872
95085
95309
94727
66388
93495
96338
93835
94213
96534
66372
94259
95199
93644
94032
96156
95767
93448
66425
93644
95518
94711
66424
93591
96217
94070
94338
95553
94847
95961
94919
95642
94999
96040
95232
66432
95547
94985
95714
94716
96048
95263
93510
96149
94170
94503
95205
94810
95689
94964
96263
66395
86677
72601
94424
81105
95004
94219
93874
81338
94610
93763
94410
66362
81089
66365
94845
66387
66388
94300
93564
85782
94151
93775
66384
93867
66381
95550
95140
93697
97582
96115
81839
95394
93838
94864
94224
93939
94364
96262
66370
95361
94914
95291
95448
66396
66386
95978
91244
80834
95549
93772
97169
93985
96711
81133
94880
94235
94618
95858
93875
93456
93917
95793
95070
95949
95113
92424
95993
94211
95066
95315
94570
93889
96498
93998
96358
93899
94015
95891
88067
95742
94514
82545
96835
94356
94162
94506
97889
67384
67176
66374
94781
94036
94232
93545
93590
96169
94438
96708
91553
87881
66430
67596
66452
66378
95120
94902
95979
95754
66484
66407
95641
94943
66382
94749
94493
95918
94458
96575
95421
96178
75823
78224
81393
67876
91309
69063
104210
79813
69426
69588
79895
96391
67006
85576
67765
82018
67598
71560
68781
69612
96641
71443
72121
86347
94358
94713
70806
82109
73214
73743
68978
66589
66612
66477
96094
96953
92174
66469
66409
95483
66446
66567
66950
66519
66542
93404
93496
83612
93481
66616
66457
95420
66394
66384
66422
66448
66400
66414
66381
66439
66456
66923
90794
66391
66446
66415
66410
66421
66456
66453
66416
66437
66413
66456
66603
66484
71346
99008
84699
66395
66399
66419
66410
66399
66411
66416
66392
66400
66414
66401
86658
66419
66443
66673
95305
93239
66762
66488
66418
66531
66568
66514
95188
96294
92828
97394
66714
66538
66401
66526
67154
91865
94137
95940
96781
92930
72679
96973
93220
97533
87536
80089
97285
66500
95702
95517
96632
98473
66415
66494
66434
66409
66884
79469
66686
99904
98158
66623
67606
66767
87350
69007
87230
85461
68495
66719
67480
91756
95281
93570
75399
93498
76446
87272
67514
66983
67217
67787
82931
70646
68293
67070
66544
94277
67780
66437
66478
85724
70217
88602
66486
94800
93644
97354
95938
93264
66458
93735
66421
66558
66586
95368
94258
94022
94145
96439
93929
89184
96625
98854
89488
94700
95979
78643
93571
95637
90304
95115
