132002
103557
103616
103562
103562
103627
103579
103604
103672
130114
132516
132869
131792
103557
132798
132179
103577
103552
103832
103578
133234
103582
103600
103623
103638
103598
103601
104024
103755
103626
103653
103951
103904
131492
103760
103589
104012
103729
131443
103663
131037
103976
103730
103678
132009
103850
103578
130647
132292
104448
103573
131883
103586
103899
103676
131939
132831
132486
103585
103570
103658
131949
104337
103907
132754
103610
132128
103884
103717
103556
132412
132004
128874
133622
104112
103656
103668
103777
132204
132790
103547
103549
103608
103588
103539
103600
103538
103537
131864
103688
103608
103764
132063
132574
103567
131678
103526
131875
103535
131504
132439
103541
132217
103560
103548
130898
103536
131730
103640
104010
132818
130376
103561
130699
132083
132951
103536
127322
135799
103661
103566
103577
103561
103603
131651
103587
103589
103571
132527
132724
134759
103552
131543
103556
131120
132329
139428
103592
129914
103561
103575
103552
103549
103557
103541
132347
132489
132836
132612
103557
103562
103565
130012
103592
103570
104080
103634
103676
132880
132505
135432
130841
103646
103590
104003
132091
103566
103548
130958
103599
103665
103585
103572
103611
103664
103635
103587
103572
133023
132015
103584
132004
103635
103579
103607
103582
103586
103616
103585
103558
103575
103563
132874
103584
103624
130703
132061
129977
103548
103631
103562
103560
103563
132870
132338
103654
103584
103564
103588
132161
103604
103602
103578
103584
103595
103571
103572
132378
132343
103571
103600
103565
103615
132008
132527
103556
131972
132295
103564
132208
103537
103557
130904
132179
132087
134325
129709
132823
130497
132052
132672
103572
103563
103582
103571
103627
103574
103608
132487
132360
103810
132010
103559
131442
132454
132901
132534
103539
103555
103600
103575
103581
103552
103568
103550
103650
132538
103665
103577
103879
103653
103546
103549
103566
103564
131026
132295
103601
103576
103567
103636
103585
103654
103586
103596
103566
103701
132915
132533
134384
103575
103619
126143
103562
103560
132289
103571
103564
130829
103590
103728
103565
132504
132233
104765
103548
103565
103562
103563
103580
103562
131641
103564
103561
103521
134390
124513
103629
132719
130691
134006
131349
103681
103632
103710
103730
103732
103832
103710
103867
103714
103740
103733
105713
103568
103636
103573
103543
103550
103573
103896
103569
103551
103556
103541
103892
104230
103540
103550
103690
103562
103558
103551
103540
103972
103666
103642
103621
103674
103664
103716
103727
103648
103667
103633
103667
103627
103824
103645
103604
103650
103663
103608
103764
103661
103678
103608
103624
103984
103701
103637
103657
103708
103784
103684
103690
103656
103667
103856
103553
103602
103549
103546
103550
103580
103570
103594
103569
103547
103543
103545
103583
103581
103555
103546
103736
103541
103566
103550
103562
103547
103637
103545
103536
103561
103565
103872
103539
103598
103545
103570
103588
103559
103546
103716
103551
103546
103544
104207
131881
132498
103563
103568
103874
103542
103546
103550
103545
103561
103568
104187
103537
103548
103763
103557
103571
103594
103558
103641
103551
103544
103547
103564
103867
103545
103555
103549
103554
103574
103596
103551
103545
103784
103552
103554
103540
103578
103591
103541
103547
103558
103580
103543
103565
103540
103600
105557
103579
103566
103553
103555
103754
103549
103541
103553
103546
105241
103865
103613
103554
130451
104004
131099
132368
132875
130822
132068
130430
103563
130867
132206
132738
132524
103564
132283
132822
129969
131928
103550
103566
103631
103583
103569
103546
103567
103755
103561
103567
103561
105743
103656
103600
103578
131515
103588
103660
103625
103620
103600
103583
103616
129491
103547
130984
131787
103716
103581
131664
104625
103668
103552
103572
103570
103554
103637
103537
103581
103588
103558
103649
103561
103772
103570
103637
103583
103614
103566
103714
103651
103569
103576
103593
103926
103650
103569
105496
103926
103605
104734
103579
103567
103615
103563
103549
103552
103595
103557
103549
103562
103574
103600
103562
103537
103607
103563
103592
103557
103576
103601
103784
103562
103541
103560
103584
103552
103708
103553
103548
103562
103589
103913
103563
103556
103556
103603
103640
103585
103562
103566
103582
103568
103554
103609
130522
131257
132334
130403
103676
103819
132526
103566
103564
103605
103641
103577
103636
103839
103557
103634
103552
105174
103633
103586
130427
132361
103551
103881
103637
103601
103549
103554
103628
103661
103555
103547
103553
103619
103584
103563
103563
103886
103634
103556
103617
103612
103555
103645
103560
103775
104067
122785
130438
133237
132077
131830
132603
132217
103559
132720
132495
132472
132620
103627
132704
131729
130751
131472
132682
132700
132294
132268
132586
132363
103614
132485
132374
132586
132322
133433
131942
132641
103580
132593
132057
132974
132399
133483
132060
129956
131944
133040
103551
103586
103574
103572
103556
103578
103566
103540
103576
103827
103581
103573
103547
103549
103554
103592
103548
103548
118124
108375
103579
103574
103622
103693
130728
132005
103606
103609
103656
103589
103707
103579
103643
103990
108720
103638
130422
132129
132239
103650
131180
132611
132395
132387
132067
130373
132569
131505
132785
132427
133103
132050
133149
132245
133328
131781
133036
132596
132457
132221
133217
132413
133735
103518
131420
131783
103907
103910
103631
131748
103805
103773
103779
103692
103719
103936
103743
103695
103748
103740
104003
103686
103705
103603
108029
133941
131054
103582
103944
103591
103630
103628
103573
104130
103640
104215
103598
103622
103757
103623
103687
103751
103641
103713
103594
103659
103682
103918
103643
103667
103699
103639
103833
103650
103927
103623
103602
104096
103698
103617
107703
135677
103717
103721
131277
130832
132357
103764
123098
111301
103794
130452
132694
131552
132700
133174
132615
133695
131971
133095
132484
132400
129963
103676
131802
131210
129937
132606
132014
103795
103620
103670
103597
103794
103794
132162
103737
103571
103561
103789
103561
103651
103584
131334
131144
103551
103566
103557
103586
131334
132718
103578
131639
103614
103585
103608
103590
103619
130594
103601
104359
103968
103673
132341
103621
103631
103756
132763
132675
132672
133599
103562
103580
103769
103613
103579
103605
103748
103574
103618
103552
103574
104034
103894
103816
103717
103584
130794
103594
103623
132115
103791
103602
103619
132857
130956
132556
103664
103614
103602
103681
103574
103587
132004
104053
103797
104330
103548
103555
103925
104792
103664
103549
133155
103636
103878
103633
103547
103679
103561
103571
103590
131095
127220
133588
103579
103557
104466
103802
103586
103563
103551
103546
103626
130804
103606
104632
103609
103669
103556
130537
131796
131187
131209
103791
103552
130528
103566
103577
103603
103905
103586
103729
132757
103649
103750
103602
103584
104363
103571
103710
103592
132314
125159
103655
103654
103695
132763
103575
103648
104045
103584
131473
103702
122453
103767
104082
103572
133124
