96611
94866
93815
93243
93267
93516
93014
93095
93248
93062
92980
65942
93043
93218
65898
93052
93527
93601
94648
96200
94771
95094
65932
93856
94189
93837
93699
66273
66052
66199
66005
66085
66009
66115
66809
66031
65995
65943
66005
65930
65927
66968
92268
93049
93274
83700
95174
93539
93214
93262
65929
65917
94498
67682
92246
92757
93439
93312
93244
92932
92812
94764
65878
92990
93307
96447
65932
66054
93155
66225
95107
95801
65914
65932
65924
65915
66690
91818
94658
66071
66097
65960
96020
92997
66028
66027
65915
66023
65913
66691
66149
66154
65974
66070
66682
66145
66434
66104
65975
66036
95711
96291
95579
93779
93815
93487
84320
68758
66150
89581
93954
93856
92986
93528
94799
96153
96788
96251
66148
66302
65980
66114
93882
95171
95723
66534
66046
93960
94907
65924
95694
94019
94024
93612
93468
94615
96681
90063
96131
96791
65911
65989
65982
93836
93326
93406
93499
94072
88307
93852
93371
65945
65911
66086
93487
94112
93717
65951
66104
66521
67104
66181
65979
66014
66070
66293
66106
66634
91231
92146
65935
95011
95141
66529
65988
91859
93827
65971
94762
95466
93876
93600
65926
65926
65964
66441
66166
66120
65916
66033
65992
65952
95669
96680
65925
65922
65936
66004
65929
68161
65973
65980
65913
65944
65960
66017
66415
65927
91730
94791
93876
72111
93417
69157
91457
94430
94026
93553
95194
93813
94014
95454
96697
96834
95209
94670
95053
95832
96446
95522
93663
93403
92950
93639
66875
92781
65935
66044
66059
95112
94675
93735
93776
65984
94339
96133
95004
94821
65908
96256
92984
95884
94699
93959
93480
94398
93269
93039
93517
93539
93796
92674
93140
93285
93502
93418
93804
93394
93209
93555
93423
93469
93350
93266
93359
80624
80957
93217
95199
94104
94021
93694
94418
96170
66261
66052
66033
93549
66479
94782
91533
93477
94258
66105
94142
93104
93336
93293
93137
94970
93521
92877
93226
93399
93359
93671
92840
65907
94027
94049
94812
95596
94853
94109
94092
93177
93323
95208
94229
65923
66548
65959
65943
65923
65900
65909
66013
66076
66086
66004
66567
66793
66271
80813
65913
65966
65944
95154
65925
94845
65945
94486
65993
94053
65946
93661
65937
93655
66279
95346
94450
65931
65945
65958
65999
65972
65927
65941
65952
65912
65916
65955
65945
65949
65942
65938
65913
65945
65972
65931
65981
65932
65929
65926
65910
65935
65964
65960
65971
65912
65938
65922
65922
65950
65976
65937
65913
65946
96009
65975
94297
66112
66007
65964
66010
94087
65954
93379
66027
93615
65954
93612
65947
93029
65972
93715
65958
93579
65919
93269
66036
93495
65956
66004
65915
65993
93910
66821
66065
66387
66202
65934
66205
66006
94813
65941
65994
65936
65929
65948
65957
65972
90092
69111
93839
65964
65984
65989
65939
94604
65992
94694
65951
65944
65981
65990
93746
65988
65976
65944
65985
94989
65925
93718
65931
93830
66015
94235
66093
66038
89342
93419
65975
93801
65913
93712
65983
93230
65975
67577
94220
95514
65989
95190
65934
66023
65943
65919
65937
65906
65899
93681
65969
94397
65907
65956
65907
65902
94255
66035
93868
66038
65957
65913
65971
65913
65958
65917
65945
93226
65958
65917
65944
65999
65940
65932
65928
95785
93757
66008
65984
65946
65956
95648
66033
93318
66007
65922
65943
65988
94801
66067
66561
65913
66005
94238
65930
66049
65974
65922
65986
65934
65907
65927
65921
65950
66056
66330
65962
65997
65918
65930
65944
66290
65931
65996
65931
65983
66075
95108
65924
65979
85550
96281
65921
65907
65984
65916
65955
65912
65907
65916
65903
65947
65949
65930
65921
65923
65915
65914
65917
65909
65913
65927
65908
65903
65910
65901
65951
65918
65918
65913
65927
66048
65911
65947
65924
65908
65932
65896
65901
65909
65904
65953
65929
66248
65916
65914
65928
65908
65930
65930
65918
65925
65904
66127
92852
65919
93655
65918
93423
65930
65911
65929
65916
94389
65914
94151
93114
93569
65939
65962
65910
66228
65923
65915
65955
94864
65960
66042
65948
65965
66063
65902
65921
93526
65918
93825
65959
65933
65952
65931
65903
65932
65932
93580
65933
65978
65940
65931
94443
65937
65943
65940
65928
66189
65921
65911
93433
93420
65938
65935
65989
94420
65948
65958
65957
65968
91844
65899
65917
65917
65908
94278
65958
65942
65943
65926
94912
65919
95898
66272
65949
66226
65941
65925
65974
94355
65959
93495
65930
94487
92589
93318
93324
66000
93124
94178
93123
65902
65938
66293
65954
94210
94220
65939
93630
94660
65913
93016
93547
65908
95015
94683
65982
94011
65910
93435
93896
95387
66034
94496
93189
93918
65999
91243
65947
95117
93422
93746
65953
93495
97390
93164
94076
93114
94081
65917
92847
94067
65945
93287
94334
80650
94026
93307
65916
93235
94564
78870
94092
96127
89162
95766
65933
93156
65903
93876
65930
93708
65919
93381
65941
93719
92848
65927
65916
65928
65930
65941
65923
92871
95189
94012
94069
65919
65963
93260
93728
95364
65913
95209
65943
65927
65910
94999
95813
93807
65925
93273
93769
65953
93500
94507
92530
92896
65928
65940
94432
95366
94484
65961
96046
65946
94406
94321
65915
93096
94762
93802
94510
65943
93552
65917
93140
94008
65912
93320
65930
93461
66017
65919
93957
65945
93906
79514
93770
94473
96110
96050
65926
92823
66035
94079
65941
93485
93761
94552
93910
94082
66012
65940
65917
65911
93936
94106
65920
66023
65925
94248
93561
65938
93515
68284
94720
65904
93293
95905
93694
94222
66006
65938
93046
94224
93246
93473
66167
93380
94529
94592
94302
65940
65917
65951
65942
65930
65957
65918
65940
65921
65925
65930
65962
65923
65926
65951
65937
66048
65956
65923
65976
65955
65972
65927
65919
65980
65954
65907
65922
65956
92987
65935
66023
65936
65934
65927
65961
65919
93279
65940
94210
65930
92903
94091
65933
93556
94633
65916
93282
94152
65913
65905
65915
65911
65921
65922
66096
92774
94429
94812
93914
65916
112030
67904
80491
65937
65963
94518
94780
94335
93247
94302
93041
79070
93935
93963
92989
93150
93953
94698
94412
65943
65921
93694
65928
93752
92917
65918
65934
65922
66030
65933
65920
65931
65921
65914
65923
94797
93330
65961
65895
93875
93597
65939
93521
65948
93619
92929
65913
93900
65912
93598
65910
93820
65922
93485
93994
93028
65940
65948
65994
66022
66065
65956
66489
65986
65973
65939
92796
65924
