1089
1096
1090
1094
1088
1095
1089
1121
1088
1094
1096
1115
1089
1094
1088
1095
1088
1110
1087
1101
1089
1094
1088
1144
1090
1096
1088
1096
1089
1113
1088
1125
1089
1096
1089
1088
1087
1088
1089
1087
1087
1089
1089
1089
1088
1088
1089
1088
1088
3093
1088
1097
1089
1152
1089
1096
1088
1103
1089
1118
1088
1093
1088
1088
1088
1128
1088
1088
1088
1088
1089
1087
1089
1089
1088
1089
1089
1089
1088
1088
1104
1089
3097
1127
1126
1127
1151
1128
1134
1127
1134
1128
1155
1128
1127
1127
1127
3126
1102
1088
1137
1089
1095
1089
1125
1087
1094
1089
1097
1091
1098
1091
1125
1092
1098
1092
1098
1091
1098
1091
1091
1091
1091
1091
1092
1090
1092
1091
1092
1091
1091
1091
1091
1091
1091
1091
1092
1090
1091
1091
1092
1090
1091
1092
2768
2746
2745
2744
2756
2757
2758
2759
2832
2755
2764
2745
2786
2740
2762
2751
2756
2757
2755
2744
2739
2738
2752
2762
2753
2794
2796
2841
2737
2738
2751
2752
2857
2891
2754
2758
2790
2752
2754
2773
2757
2750
2738
2740
2748
2755
2751
2750
2753
2750
2755
2738
2739
2736
2795
2752
2759
2761
2781
2740
2738
2755
2751
2765
2751
2752
2752
2753
2737
2738
2744
2787
2754
2752
2756
2751
2754
2737
2738
2743
2759
2753
3061
2784
2737
2740
2771
2752
2751
2751
2797
2751
2750
2756
2739
2739
2738
2756
2749
2753
2750
2755
2752
2766
2751
2739
2739
2740
2753
2797
2793
2759
2754
2752
2753
2739
2742
2739
2739
2751
2791
2800
2754
2751
2751
2790
2751
2737
2738
2740
2746
2761
2754
2754
2754
2752
2781
2742
2751
2738
2749
2755
2757
2801
2767
2752
2753
2882
2738
2745
2754
2756
2752
2763
2754
2815
2737
2739
2823
2909
2821
2753
2835
2741
2738
2783
2788
2815
2753
2810
2779
2739
2740
2739
2753
2851
2850
2750
2752
2757
2738
2739
2738
2781
2759
2753
2773
2799
2756
2751
2740
2739
2738
2751
2748
2794
2757
3095
2739
2741
2763
2758
2802
2780
2756
2758
2739
2759
2759
2781
2756
2791
2756
2754
2756
2807
2765
2738
2798
2753
2785
2752
2792
2753
2752
2842
2740
2756
2758
2756
2750
2752
2778
2736
2738
2738
2760
2799
2759
2756
2758
2799
2737
2740
2746
2769
2755
2804
2755
2758
2755
2839
2740
2741
2751
2760
2853
2765
2790
2755
2760
2738
2738
2740
2745
2773
2756
2757
2805
2760
2759
2764
2741
2740
2754
2788
2756
2755
2755
2804
2757
2756
2739
2836
2738
2753
2753
2794
2752
2755
2749
2815
2757
2739
2739
2737
2757
2747
2812
2796
2759
2749
2789
2751
2738
2740
2739
2750
2762
2794
2758
2759
2767
2739
2739
2738
2771
2793
2777
2770
2757
2758
2764
2790
2737
2738
2739
2739
2796
2755
2782
2759
2859
2759
2755
2739
2740
2779
2756
2776
2800
2757
2754
2756
3201
2741
2739
2780
2769
2751
2755
2805
2751
2764
2740
2734
2738
2775
2790
2755
2833
2756
2814
2738
2739
2737
2756
2757
2753
2796
2792
2763
2753
2794
2739
2740
2738
2738
2765
2753
2818
2759
2752
2757
2750
2762
2771
2739
2751
2759
2750
2835
2757
2761
2779
2759
2738
2739
2739
2758
2753
2760
2755
2757
2755
2754
2758
2737
2744
2738
2738
2758
2783
2759
2762
2755
2861
2755
2738
2739
2739
2739
2783
2803
2809
2854
2774
2760
2738
2739
2739
2743
2752
2765
2787
2753
2757
2795
2876
2738
2739
2739
2739
2752
2760
2753
2751
2807
2753
2801
2755
2738
2745
2739
2757
2790
2752
2753
2762
2796
2761
2749
2739
2737
2737
2809
2756
2752
2783
2750
2759
2749
2811
2739
2738
2742
2751
2756
2754
2749
2754
2792
2755
2751
2738
2736
2743
2739
2749
2754
2751
2763
2749
2750
2757
2788
2740
2739
2847
2762
2838
2753
2757
2853
2755
2839
2738
2737
2752
2753
2797
2788
2850
2782
2840
2737
2846
2752
2752
2797
2857
2776
2850
2738
2739
2737
2795
2751
2755
2837
2907
2855
2744
2819
2759
2756
2753
2776
2862
2837
2840
2851
2813
2852
2850
2839
2836
2739
2760
2755
2829
2783
2902
2740
2837
2751
2754
2778
2753
2842
2849
2737
2838
2739
2754
2753
2754
2857
2779
2847
2740
2739
2754
2752
2803
2852
2786
2849
2837
2837
2791
2753
2878
2787
2848
2838
2836
2759
2752
2791
2875
2772
2859
2836
2740
2782
2755
2777
2874
2850
2837
2837
2739
2753
2755
2878
2792
2857
2837
2837
2758
2752
2778
2782
2849
2737
2839
2739
2754
2758
2779
2789
2776
2739
2738
2741
2753
2754
2753
2854
2854
2835
2741
2739
2763
2758
2753
2749
2755
2764
2788
2745
2739
2740
2759
2759
2790
2757
2763
2853
2739
2739
2753
2758
2754
2885
2752
2799
2752
2740
2739
2737
2756
2751
2757
2753
2752
2753
2740
2739
2737
2754
2753
2790
2753
2780
2753
2740
2738
2743
2753
2788
2754
2755
2752
2753
2740
2741
2745
2834
2791
2756
2755
2800
2736
2738
2741
2792
2782
2757
2836
2756
2753
2737
2738
2740
2751
2758
2751
2824
2757
2797
2738
2776
2757
2761
2753
2752
2757
2755
2738
2747
2738
2753
2774
2793
2757
2752
2784
2738
2739
2756
2758
2787
2760
2754
2791
2757
2738
2738
2740
2755
2756
2797
2754
2763
2754
2741
2741
2738
2752
2756
2754
2796
2756
2796
2739
2740
2738
2781
2806
2758
2851
2753
2775
2739
2758
2818
2770
2753
2781
2794
2740
2739
2753
2780
2755
2753
2788
2768
2736
2738
2739
2799
2751
2753
2754
2754
2810
2754
2808
2738
2753
2808
2751
2798
2752
2783
2752
2738
2737
2738
2752
2751
2752
2795
2751
2776
2739
2736
2740
2753
2758
2758
2797
2756
2756
2755
2737
2739
2738
2797
2753
2756
2843
2754
2757
2738
2763
2739
2756
2761
2830
2755
2752
2800
2744
2739
2737
2756
2758
2753
2755
2760
2754
2739
2739
2736
2754
2752
2755
2751
2778
2753
2739
2740
