105514
103691
103045
127014
131210
103988
131650
103344
103042
131577
131046
133719
133715
103230
133521
130699
130641
130798
103647
117632
132408
104306
103302
133065
125899
133712
135386
131595
135069
124209
113003
130667
103997
130977
104246
104738
128275
131040
129976
129165
131143
104305
134567
130676
131386
132236
102985
103160
103336
134652
127706
130694
107176
105990
106084
131807
105804
105414
106176
125998
129501
132321
102958
131614
128112
132631
132888
103013
103032
102993
103025
103000
103873
103006
102980
102999
103071
103427
124983
131910
103440
103414
114155
131208
103073
129855
133032
131024
131749
102995
133736
128989
131370
129627
131440
129570
131731
131880
125502
133192
131992
103279
133369
105020
102972
102957
102933
131615
108929
104587
118310
108214
133304
126408
113214
128575
103219
131315
132058
103744
104416
132816
126487
131246
135226
119073
108973
123600
128504
125580
125422
106903
103446
103723
123845
111943
122859
106401
106505
103619
103052
145998
123188
132154
121505
117900
121351
135777
103301
131716
117504
103811
103496
130631
131584
130062
132050
104225
103294
103111
131951
103407
132164
129663
131470
104421
103324
104904
103640
131944
103019
103380
103629
103299
103238
103467
103112
103320
103116
104317
103150
103333
103933
132851
132111
133814
105174
104816
104466
103355
103005
104163
129457
133521
131300
129675
103111
103204
103143
135470
126356
128596
102931
103422
132103
104911
130817
104347
103026
130852
103288
142230
109461
114528
129792
129888
130364
129916
132000
122662
134144
126293
104105
131390
130247
103805
104939
124162
132223
131571
103154
132155
131967
103398
122516
131063
129747
131564
103082
104072
132696
103102
113455
131380
131110
134062
103162
103528
145505
134602
112046
103656
114211
121790
131759
104760
103542
128996
132300
129369
130875
131056
131052
103008
131920
130006
129915
131226
131283
131262
131034
132980
131690
120557
133739
106883
107329
106782
104759
104525
134201
133097
132312
103414
103302
135742
130376
132230
123477
102963
132586
129715
138740
109389
103466
130875
132442
130688
133790
125758
131556
104250
117796
126995
131951
129808
103449
131822
103000
133421
126867
134427
130391
104061
134690
132835
103727
119926
103672
119738
131403
131321
131009
135187
130484
135309
113741
132704
130552
132159
130070
131392
130006
132324
130634
131307
129989
132151
130389
131729
129998
132086
103051
103288
103329
130970
132212
129658
129479
129386
129416
103214
103522
130350
129296
103095
106537
124537
112634
107662
104965
103150
116574
102965
130226
132032
130944
131467
102958
132565
133011
127625
131780
131726
130494
129322
128661
132801
131839
110990
130336
124296
133525
102977
131002
135391
104934
104835
103275
103450
109100
125702
125871
104950
130254
131368
129922
130242
102938
104379
102992
131914
130572
131399
120241
131560
128461
134229
123228
133427
131219
132952
129196
131235
129167
131432
103049
103131
131623
130698
130923
133522
103034
103256
103973
103136
129533
132029
105223
103147
132932
132686
131285
102939
132203
104240
131022
131898
103635
131915
129468
131326
102972
131923
130266
133114
120961
132533
131752
129476
128700
132437
116204
129722
131636
128083
130966
102994
129089
131637
128071
131480
130990
103668
128839
103097
135138
103876
123626
131290
145895
129701
122895
103270
103410
103310
103172
134710
132607
103032
103078
104484
102992
103435
102950
102944
103001
102971
103416
103220
104958
104809
105310
105343
104423
132211
110589
130380
132527
131815
119163
130757
129556
102934
131701
103038
129607
103310
131633
132010
129455
131718
103195
103025
131122
128780
131670
102977
130801
119248
126343
105224
132655
131650
137153
121209
112491
104074
131822
132926
103066
130536
115825
131466
131838
106517
103432
103003
102983
132809
130855
128296
128906
131540
130070
102920
131203
129311
133346
103051
130916
131806
130779
130941
103123
132078
134552
130006
103023
129211
103046
130546
131030
104357
122757
104114
131045
129913
132380
129991
130402
131323
132222
130040
129736
127185
102965
132620
131739
130281
129274
129826
122454
131536
130160
132143
131631
130478
129447
132528
131357
130874
131396
103032
131577
102975
130757
131260
133971
133335
132002
133713
130225
134298
104018
103543
128806
131593
102976
130332
131955
135045
104493
133453
128415
116678
124237
116751
119750
104141
139190
104453
130524
128945
131246
115824
103400
107053
104010
108941
125657
109161
111847
104252
103780
103180
135542
103861
120558
104461
118008
113079
114551
128456
130638
103448
112844
119097
103288
103527
130203
104431
129546
128091
105019
103667
103365
105171
131251
103036
103382
131636
127239
125803
103241
131725
105826
130024
136709
136576
104152
105567
126214
131016
130313
130608
103220
103486
129132
134144
130797
128876
129175
131427
130226
131244
136960
104999
126969
136914
118739
103211
116988
114913
113066
103849
103248
133203
113319
103298
139620
111272
106613
103024
134506
132536
130119
137171
130428
137776
123943
115326
131431
132068
104122
131119
103341
131651
104689
130664
135310
104918
143451
106284
125240
130752
103078
135785
117548
132715
131916
132396
103615
103589
130673
133703
148956
111037
127419
102941
131170
132077
129934
132206
131714
102982
127531
103125
103094
129282
131393
129997
131803
132002
130106
131825
130007
103132
103147
103056
103017
103031
103109
128408
131156
131847
129789
132115
132133
130622
131631
129068
133925
132871
133872
131676
129460
133053
131289
132597
103171
132575
129205
103064
124394
103475
126067
105949
135120
128296
103014
105650
105477
127280
131035
130444
103338
103067
103002
130832
129635
131583
130390
103787
109211
130566
103418
126802
104139
131006
138253
120948
113925
106829
107158
112787
132624
128043
103041
131052
131497
122657
137827
123215
133623
128515
134534
127075
107676
106480
103482
103160
104417
104390
103011
129242
133318
133129
102958
103089
103318
121300
132069
103016
103168
131943
130401
103004
103406
103198
116416
104983
105208
135558
105464
124500
131128
103436
103337
105600
129562
134915
102966
129501
103204
103070
103064
103191
126866
130795
105705
132989
103946
134188
132391
128122
132012
132009
129995
128647
132065
133855
104001
129454
132639
132601
103673
103820
105577
106830
106034
129813
103528
132249
102952
106575
128697
128716
129517
104776
125221
104098
114358
131843
131551
103002
136002
133776
130065
103138
134924
135075
103570
105200
104556
130727
102899
129863
132677
132475
104022
125837
134395
126193
106709
103843
132951
130648
105447
138599
152347
115548
128631
131911
130149
104324
130764
133374
131890
130065
103846
136570
107395
131670
132334
131076
133038
128490
133780
105715
127680
130972
104662
131350
130142
135459
125734
130501
131414
103673
131034
132028
128739
129199
116442
131282
114696
105315
116995
103418
130045
130807
129979
132165
134319
123964
103718
130413
130639
129223
131236
131175
129388
131098
103916
128621
126361
104167
130476
103749
129395
103012
133070
125601
131601
127567
132414
141189
118653
113896
