92917
93006
93171
92911
93434
93012
92969
92943
93151
93080
92980
92968
93001
104143
121897
117147
92879
121024
118922
120618
123127
93005
121104
120629
120801
120276
121252
93048
93010
92959
94508
93042
93141
92940
93079
93417
93298
121416
121058
121384
120312
121128
120232
121270
119878
121255
92994
121596
121443
120583
120969
120420
121153
93517
92934
92903
92929
96885
121545
92903
92909
92902
92899
92902
93259
121325
124270
120423
118322
93117
121286
120665
120064
120314
120728
120854
117688
93097
92978
92998
93028
93025
93034
93022
92954
92997
93952
92997
122143
136078
92946
120469
92954
121297
93126
122108
93133
121119
93039
122534
118626
92990
92943
93016
92939
120452
120556
120065
120776
120398
121597
92903
123011
122971
121702
123312
122359
120358
123098
123626
122157
118139
122180
94977
93049
93539
93015
92954
93062
93060
92946
92931
93025
121762
122349
123728
93078
93148
93621
119190
120039
92966
92933
92924
93141
92927
92943
120817
120932
93087
92922
122095
92993
92918
120240
92915
92908
122015
122106
93013
93436
122769
92936
119893
93750
92907
93089
92910
121519
119849
93073
122223
93031
92980
119604
92984
92978
93196
93216
120815
93063
121825
93869
93107
92984
92998
121971
93201
92942
92903
92938
121178
121857
94345
92929
121059
92911
121403
123441
119544
92990
93183
122346
92951
119235
120369
92923
92946
92925
92912
121951
92999
105065
119879
92953
93789
123980
124276
92904
92940
122065
93804
93004
92952
93063
92970
92990
93009
92965
93048
92977
92910
92919
92922
92993
92964
92976
92907
92909
92957
121137
92991
92930
120438
92934
92906
92887
93032
121406
92910
121642
92922
92941
120810
92967
92957
119611
93069
92951
92908
92999
121568
92913
122012
121511
129319
92952
92919
92907
93231
92908
121269
123339
93003
120411
122413
121567
121614
123257
123285
119932
92907
121837
120588
121467
121252
121381
120920
92912
121469
121212
121195
120387
120903
121900
143253
92990
92967
92961
121710
121631
120637
121098
121496
120830
120446
120792
121939
120454
121016
92948
92972
93036
92940
121920
93249
93412
121832
92883
92930
120686
121224
92958
121713
121666
120685
93306
93656
120013
92957
92939
121443
121568
120970
92987
92911
92926
121364
93152
120793
121546
92938
92949
120121
93211
93312
121757
92926
122380
93073
121434
121550
93175
93235
120136
120783
121955
92962
92967
121278
121659
93083
92976
92930
93158
122439
92919
122187
92944
121716
92912
92899
92906
92936
92948
93113
121478
92918
122418
92908
121767
93285
119740
92962
92902
122204
92920
121704
122678
92941
121547
120714
121658
120151
121540
120673
121654
120004
121647
121239
118448
121283
121578
120920
122010
92976
93097
92970
92973
93134
93101
93031
93027
92936
93001
92980
93189
93050
93986
92918
121971
122082
120271
120736
92934
121942
121506
120633
120919
121029
121730
120945
120170
121452
120707
120900
120446
121844
120832
93571
92909
140164
110044
92978
93648
94173
93120
93130
92939
92902
92940
93074
93055
93031
93161
92981
92943
92925
120879
120986
93088
92905
92986
92944
92966
120219
92928
120653
123348
122993
122082
123188
119860
120404
120239
121503
120439
120801
120160
120709
93372
121529
121308
120678
124807
123007
119353
92968
121376
124147
122932
119240
120957
120259
120854
120394
120898
120867
121126
121022
120731
120711
120673
120962
120581
92945
121503
92905
92985
120436
120565
120725
120921
122128
123667
119660
120454
120721
120325
95398
120433
93108
121142
120754
120992
121158
120358
120929
92903
121812
97888
121764
121584
121878
123929
114503
122686
119645
121028
92926
92920
121771
123207
123930
93081
120369
120499
93038
93091
92949
93107
121263
93267
92966
92994
93038
121246
123313
123824
92918
92932
121703
93024
92925
120154
92975
122261
122452
120171
121308
92948
93262
120863
93017
93005
93276
93107
121887
94998
94055
93080
92972
119441
93076
93059
121516
121231
120907
93039
93283
92896
92999
121554
92985
93134
92997
93096
121824
121050
92985
92955
93003
92985
121816
120553
92980
92963
120371
120679
93012
93042
93092
93010
122256
93563
93162
93221
92907
121250
93093
120998
120912
120662
121928
123784
92911
92971
93582
92931
93148
93007
119929
93177
93088
122032
92972
122037
121986
92926
121215
92927
121849
123374
93097
92942
121650
120999
92964
121261
92975
122515
120982
92906
93987
121625
93042
122415
121443
92972
93417
92909
92917
92907
92897
92904
93096
98626
121972
92913
93174
93001
92930
119631
92979
92929
119937
120081
121201
92935
93178
93034
92947
120926
92985
93394
92945
93007
92901
92889
120607
93042
92990
92941
93100
93490
121759
93011
93027
92972
93278
122019
120888
92926
122005
92924
121778
121591
121983
120651
121008
120430
121321
120093
121008
120675
121882
121423
92900
121509
122020
93136
120248
121396
92924
121778
121739
121468
119906
121764
114696
120346
121119
121134
121210
92914
92910
92900
93031
118854
120737
119734
121126
122227
123707
121378
123269
121819
122385
120854
122243
123675
121071
119606
92970
121683
121104
93013
120716
121871
120208
93066
93092
92997
121972
121395
123431
119385
120565
121148
92899
92969
92927
92898
92923
92942
92897
122355
123260
121567
124062
121798
122756
93015
122590
121647
122444
116964
122056
119609
115475
105458
119071
121659
123708
119928
93031
119597
120394
121336
120920
120765
121080
120482
120980
122708
121627
122598
117746
119710
92959
92956
121377
124120
120367
120869
120771
120672
121069
121300
121237
120546
120812
120758
120973
92941
92963
92939
92995
92992
92990
92978
93168
92943
92935
92934
92914
92921
92939
93221
121233
123325
122457
122022
97810
119681
120083
120905
120605
121162
120506
123204
122145
124236
119825
120835
120829
121484
120221
120468
120842
121548
122363
93850
123862
93073
121039
120514
120469
122253
120161
126368
122692
92962
126788
92894
120083
93144
93078
122398
121116
115395
92978
92935
92917
96363
122090
96647
92962
119370
94222
93036
120206
123358
93668
92953
93025
92909
92959
92923
93889
92959
92964
92931
92945
93257
92984
93116
92939
92924
93158
93332
92945
92925
121552
93246
92979
93037
122158
121483
122753
120989
94190
92960
121951
92923
93026
93090
120188
93101
93224
101024
120801
120542
93664
93075
119901
119972
93449
93045
93055
92967
121086
93765
93012
119891
92994
121256
93463
118644
92956
92913
121693
93700
93079
121316
123563
93250
92960
121713
120986
92895
93128
94125
94014
113189
123274
120537
121962
121822
120907
121252
120387
121138
120297
120895
92920
121141
120911
121899
122230
92968
92911
92924
122504
120544
121420
120474
120876
121145
92931
92939
93171
92968
92937
92929
93004
92935
122087
120877
120412
