57945
57945
84670
57955
57950
57979
57966
57955
57958
58011
57932
57937
57932
57955
57948
57946
57929
57952
57942
57947
57938
58144
57954
57946
57947
57961
57942
57958
57946
58033
57970
57952
59787
57950
57949
57993
57958
57941
57963
57933
57942
58148
90498
61743
89078
57957
57956
57952
57938
57944
57961
57954
57951
57950
57946
57943
57932
57947
57951
58000
57961
57938
57930
57954
57954
58033
57949
57945
57964
57948
82836
71246
85338
57951
57950
57936
57944
57968
57966
57950
57929
57950
57949
57970
57943
57994
57949
57990
57967
57936
57947
84070
57924
57930
57948
57960
57943
58077
86721
58081
58149
86494
57954
57949
86124
58048
61114
57989
87135
57959
58559
57957
57980
87452
89643
83789
87329
57948
57944
57951
58012
87104
85797
57958
57968
86521
57930
57944
86072
57985
57946
86658
71466
62461
57987
58012
57981
57980
58062
58000
57964
57985
57975
57937
57971
58008
57973
57995
80435
85507
57935
57980
57963
57947
57961
57948
57965
87772
87361
57938
86799
57988
57967
57929
87162
57936
78416
57942
57948
58081
87187
85812
85735
57948
57973
86095
57953
57950
58260
57965
57944
57928
57957
57934
58117
57973
57969
58031
58043
58037
57972
57952
57966
57972
57980
58306
58297
57971
57956
57948
57974
58022
57966
58175
58070
57943
57961
57974
57964
57984
57968
57970
58269
57963
58212
57966
58110
58005
57979
58070
58424
57995
58227
57946
58049
57956
57970
57979
57955
57984
57986
88620
86949
57985
57942
86684
85557
57963
57949
57939
57939
57941
57938
57933
57942
57967
57972
57945
57935
57932
57956
57974
57943
57953
57953
57932
57945
57944
57941
57942
57940
57935
57970
57963
57952
57976
58277
58253
57995
57962
57954
57947
57973
57968
57960
57960
57973
57993
58004
57971
58246
57927
87708
57968
58002
57957
57943
58274
58302
57951
57990
57934
57965
57957
57953
57999
57954
57972
57950
57990
57960
57958
57947
57966
57953
57970
57967
58111
86103
57920
57948
57943
57941
86883
86044
57985
57990
57970
58217
58026
58041
57939
57941
85642
57936
57971
57955
57967
57962
57941
58004
57946
57951
57963
57950
57938
57955
57976
85623
57936
57928
57939
57946
57955
57935
58019
57944
57943
57966
57958
57943
87192
57971
57989
57974
57956
57959
57925
57956
57968
57968
57947
57968
57957
57938
57950
57948
57956
57953
57989
57937
57952
57944
57959
57943
57958
87457
57969
86245
57977
57951
57945
57943
57962
87602
85750
58064
57953
57941
57941
57949
57955
57941
57936
57945
57951
57949
57950
57947
57961
57941
57934
57935
57971
57939
57947
57940
58022
57940
57963
57933
57959
57938
57966
57937
57964
58369
57955
57942
57950
57995
57952
57948
57947
58028
57950
57969
57946
57993
57965
58585
57982
58244
57948
57933
57948
57946
58007
57953
57935
57938
57988
57954
57974
86385
57948
58019
57994
57950
57959
57965
57940
57938
57963
57947
57968
57947
57947
57946
57942
57942
57953
57945
74351
87840
85182
58127
87484
86830
86012
85654
85014
85209
85229
85357
85427
85616
58255
84786
85316
85703
85537
86029
85651
57943
85373
85662
57937
86115
85703
84945
85482
86028
85740
85587
86112
85278
85896
57947
86133
86033
58386
85304
57952
58104
57966
86102
85750
85544
85560
57999
85200
85332
85456
85977
85612
84967
85423
85950
85623
85526
85967
85144
85313
85422
85784
85502
85912
85074
85536
86222
68366
87278
86201
57953
85484
57926
72678
87417
86218
85905
84975
85604
57976
87589
81861
86579
86870
88399
88547
87549
57953
86154
85728
57934
85372
85865
85858
85665
86024
86910
85997
85577
85498
86518
58464
57946
85024
85317
86197
85703
85546
57973
85226
85326
85775
57982
85910
85613
84924
85074
85571
86775
86744
86079
85031
85434
85534
85295
85660
85497
57977
85182
85341
57936
85839
85582
85434
57925
85234
85338
85814
85574
85502
58142
85131
85541
85500
86019
85517
57929
85301
85380
85842
85606
85525
57942
85261
85674
86190
57945
85475
85783
58242
57948
85314
72661
87012
86034
85683
87382
57939
86621
57928
86371
85836
85359
85109
85747
85484
86091
85636
85304
57943
57933
85919
85731
85498
57930
85351
85926
85654
85435
60372
87015
57950
85896
85641
85499
85402
85422
57940
85195
85340
85899
85563
85539
86065
85095
85330
85281
85576
85880
85604
84962
85890
58590
70916
85121
86551
86421
57990
57943
58078
58009
58034
87041
86032
85717
84999
85133
85389
85790
87083
84832
88140
86456
85853
85717
86142
85533
84721
85166
85693
86250
86369
84728
85197
85294
85928
85727
85639
84775
85186
85985
86022
86393
85345
85218
85242
85932
85586
70292
85837
85575
85559
86386
72694
72965
86063
57942
72348
72670
86535
86538
87141
58392
88348
86597
86315
73610
57997
67772
83887
86887
86188
85927
87315
57966
86250
86226
86483
86215
85982
72945
84343
87528
86186
85801
85167
85666
85483
85999
85468
57993
58244
86886
86784
86357
85338
85844
85137
85745
85958
85740
82647
83522
84608
85173
58015
86055
85715
85558
85038
85367
85523
85420
86146
85668
85081
86650
69494
58073
85607
84930
85152
85243
85570
86360
86259
83859
83296
84315
72677
72667
72974
87035
84834
85222
91808
87763
60504
58157
57960
58121
86313
85895
58018
57998
88380
83930
57993
86790
57972
57942
86596
88774
57958
57998
57947
57972
57935
57981
58086
89151
86703
86054
85725
86364
86305
85360
58020
85133
72669
57953
57960
58457
57964
58017
57973
57986
57950
57967
57972
57961
58380
57954
58025
57939
57935
58251
84977
85571
80538
85786
85255
85093
85374
60812
88275
88849
58622
87328
83211
100188
58247
83057
86862
85497
85510
85763
85598
85565
58015
85340
85442
86116
87352
87710
86060
57936
57962
58121
58157
57945
57944
57963
58699
57992
57951
57949
73638
57961
86503
85313
85039
85454
80391
84544
84939
85248
85462
85680
85699
85828
85615
85515
85739
85423
83964
87222
57938
57945
58050
57947
57959
58383
57973
57963
58011
85178
85287
89263
81165
85335
85392
85916
85676
85749
84749
85172
85273
85954
85662
86421
85959
87750
57966
57943
85523
85519
85463
87549
86330
85823
85229
87902
86400
85124
85394
85408
85531
85706
85181
84822
85164
85343
85730
86971
84133
87106
85616
85397
58239
58043
57986
57980
57947
57968
57962
57951
57947
58690
57953
88397
84899
58010
85116
86002
57934
87740
87102
86101
85350
85746
86870
88242
87704
85615
86537
