286
286
285
712
285
712
726
713
727
717
737
724
714
712
713
827
713
714
713
713
713
713
725
714
713
713
713
851
285
285
296
712
730
712
714
714
285
285
285
285
285
285
315
285
285
285
285
285
285
286
285
285
285
285
286
296
285
285
285
286
285
285
302
286
285
295
285
286
285
285
286
285
285
285
285
286
712
285
285
286
286
285
285
285
289
295
295
294
295
295
295
295
301
285
286
285
295
294
296
301
294
295
295
295
295
295
294
294
295
296
296
295
311
294
295
295
294
294
295
295
295
295
308
295
295
340
294
294
295
295
295
294
295
295
295
294
295
294
295
295
295
295
301
295
295
295
713
285
292
285
286
285
713
285
285
285
285
285
285
285
285
285
285
285
286
342
552
755
741
421
743
780
755
741
718
719
719
737
717
717
718
718
739
718
719
716
718
735
960
411
806
807
735
723
735
719
718
719
717
718
718
717
718
718
722
718
717
735
719
781
718
717
718
718
719
717
718
718
717
718
718
718
735
719
732
717
717
718
806
717
716
718
718
718
717
800
718
735
717
717
718
718
718
718
718
719
718
718
734
718
811
717
731
718
718
717
718
718
717
717
742
733
718
732
717
747
717
732
718
717
717
742
718
720
893
742
742
742
742
742
742
780
741
741
744
742
743
743
758
742
742
742
742
741
814
753
742
742
742
742
742
742
809
741
742
742
742
741
398
743
743
756
741
763
742
742
741
742
754
741
766
742
741
742
742
754
742
827
742
742
742
742
755
742
821
742
742
747
742
757
743
793
717
718
718
717
875
718
730
718
730
717
807
719
718
718
718
718
719
718
717
718
719
717
718
790
741
742
742
744
741
742
755
743
742
741
741
742
743
755
743
755
740
743
743
742
742
742
754
743
742
742
875
411
742
755
741
742
742
741
742
743
742
755
742
742
754
741
742
742
717
748
718
412
411
822
806
807
865
806
808
832
808
807
718
718
741
717
717
718
717
741
718
734
718
718
745
718
731
718
820
726
718
718
718
782
726
718
718
742
719
727
737
718
717
719
742
717
718
805
718
744
718
717
718
719
743
719
741
718
718
794
718
718
717
742
748
718
730
718
718
718
718
732
718
743
736
718
789
718
730
720
741
718
718
739
750
717
718
718
718
724
732
718
718
718
717
743
719
732
717
739
717
718
718
718
752
719
718
717
719
717
717
731
718
718
718
718
753
717
717
717
718
717
718
730
718
718
717
718
730
718
718
718
718
718
723
732
718
717
718
718
718
718
731
719
745
718
717
718
718
791
719
717
719
718
717
719
733
719
780
718
718
719
719
733
718
790
718
718
718
717
719
718
729
718
719
718
717
719
719
730
719
720
718
719
717
718
729
718
733
718
717
718
718
729
718
731
718
718
717
718
718
718
729
718
743
717
717
717
717
731
719
718
718
718
717
717
735
723
756
717
742
756
744
718
791
742
744
742
743
754
741
742
741
742
743
742
742
754
743
743
743
716
729
717
717
716
717
732
717
736
718
718
717
717
730
718
733
717
718
719
717
717
718
734
717
717
819
719
718
718
749
716
734
717
717
717
719
718
717
718
718
718
717
717
717
723
734
718
718
718
718
718
720
732
718
717
717
717
718
718
734
718
717
718
717
718
717
731
718
719
718
717
717
717
731
718
729
718
718
717
717
731
717
718
719
718
718
718
729
718
736
718
718
718
718
736
718
718
718
719
732
718
718
717
718
717
718
799
718
718
718
718
732
718
718
719
718
718
717
833
718
717
718
717
719
717
798
717
718
718
718
718
717
741
718
718
718
719
796
718
730
717
718
718
717
730
718
719
718
718
718
717
730
718
718
717
719
731
718
718
718
719
717
717
731
718
719
718
741
732
718
717
719
718
719
723
813
718
717
718
718
758
718
719
727
719
732
718
734
717
717
718
718
420
875
717
722
717
779
718
717
718
805
732
806
717
806
807
731
718
734
806
807
718
807
718
806
733
806
718
807
718
717
718
718
718
732
718
746
717
730
719
717
718
718
718
717
723
719
732
718
732
717
718
718
718
718
717
717
718
718
718
784
718
732
717
718
718
723
718
718
718
720
732
718
732
718
791
717
718
718
718
717
717
719
719
731
717
717
718
719
718
718
718
718
719
718
740
717
732
718
740
718
718
717
718
730
718
718
718
731
718
733
718
733
718
718
725
718
717
718
718
718
718
717
731
718
786
718
718
717
718
718
718
718
718
732
718
733
717
741
719
718
717
718
717
719
773
718
737
718
718
719
719
718
718
719
718
