4149
4201
4155
10444
4172
4196
10491
4148
10425
10399
10411
10382
10445
10419
10407
10387
10402
10409
10384
10382
10375
10513
10457
10396
10451
10381
10449
10475
10457
10379
10469
10383
10421
10400
10370
10397
10397
10519
10372
10426
10421
10377
10384
10371
11767
10438
10386
10387
10419
10419
10378
10442
10391
10377
10424
10571
10798
10531
10531
10518
10377
10498
10456
10481
10379
10377
10365
10385
11805
10809
4220
10420
10377
10375
10381
10391
10371
10425
10382
10418
10380
10417
10606
10373
10437
10378
10418
10384
10424
10381
10421
10708
10387
10414
10398
10416
10408
11742
10373
10406
10403
10446
10387
11972
10375
10379
10365
10379
10423
10367
10395
4224
10391
10376
10399
10379
10375
10409
10379
10376
10448
10424
10389
10384
10450
10446
10426
10429
11787
9814
6360
10661
6227
6226
6219
5794
6225
6225
6242
4154
12723
10409
5321
4150
4148
6461
6304
4166
4382
6470
4151
4146
4160
10450
4147
10380
4159
10682
10872
4152
4151
4283
4146
4176
4150
4148
4168
4148
7318
12020
11784
11762
11769
11816
11812
4161
10407
10379
11826
11748
4162
11750
11774
11740
11753
11773
11778
10677
10435
10485
10438
10460
10454
10462
10460
10430
10441
10438
10460
10488
10440
10469
10468
10528
10468
10451
10457
10453
10445
10438
10472
10436
10442
10709
10440
10470
10498
10460
10723
10483
10483
10612
10440
10444
10549
10455
6920
10394
4146
10380
4202
10368
10389
10580
4148
10384
4145
10392
4156
10371
4143
4149
10421
11232
11457
11053
11363
11414
4923
4594
5994
6892
4814
4875
4753
4676
4388
4388
4546
4768
4410
4363
4348
4369
4349
4586
5168
6521
5490
4589
4363
4505
4386
4507
4371
4468
4399
4365
4346
4363
4374
4344
4361
4348
4552
4358
4523
4348
4362
4238
4348
4168
4337
4148
4153
4149
4149
4261
4168
4149
4300
4166
4366
4147
4151
4150
4312
4157
10571
9797
10384
10395
4329
4431
10589
10429
4505
5402
4913
5234
5093
4882
4932
4902
4687
4799
4243
4211
4202
4360
4246
4425
4278
4485
4303
4257
4278
4321
4286
4148
4154
4151
4147
4150
4149
4149
4154
10395
4151
10432
10391
6231
4151
10387
4154
4179
10454
4433
4208
4166
6231
4199
6223
6227
6221
4196
6241
10412
4300
4302
10421
6453
4191
4301
4149
4244
10425
10593
4153
4145
4150
4149
4151
4149
4147
4150
4149
4205
4200
4217
10368
4149
4364
10795
10431
11758
11763
4316
10622
4178
10444
4158
10563
4159
10395
4153
10763
10746
11800
10378
4149
10436
4283
4155
4153
4150
4157
4290
11768
4203
11775
11884
5008
12329
10468
4150
10465
10860
12054
12232
10861
11097
10508
10513
6704
10442
5933
4230
10590
4162
4155
5819
10517
5777
12626
4163
11909
10444
10450
10449
10465
10607
10439
10481
10451
10460
10732
12375
11709
11550
4676
6475
4314
4349
6247
6229
4151
6382
4168
6272
4311
6317
4268
4150
6239
11764
6289
6388
4198
12036
4155
4181
4153
4307
4168
4242
4263
6263
6316
4365
6295
4149
6264
4152
6233
4150
6284
4166
6228
4149
6269
4151
6244
4170
6224
4149
6245
4149
6251
4147
6246
4147
6244
4161
6224
4149
6249
4185
9572
4186
4148
4153
4150
4169
4316
4158
4282
11520
11861
11782
11527
11295
10683
10602
10436
10408
10370
9267
10424
10474
10411
10383
10373
10396
10376
10384
10419
10457
10446
10392
10450
10414
10401
10391
10373
10393
10413
10409
10395
10429
10413
10355
10402
10398
10450
10376
10695
10446
10697
10426
10407
10422
11966
11740
10408
11789
10375
11797
10371
10394
11747
10368
12596
10450
10576
10393
10855
10584
12309
10410
10512
10425
10407
11772
10454
12140
10409
10390
10380
11825
10386
10443
10428
11765
10438
10407
12169
13515
13902
6829
4904
4149
4149
4150
4158
4247
4147
4170
4150
4292
4284
4148
4185
4150
4145
4150
4146
4172
4209
4160
4153
4145
4184
4144
4147
4154
4148
4147
4147
4147
4151
4152
4158
4145
4147
4152
4162
4149
4147
4148
4167
4164
4166
4149
4151
4149
4189
4147
4147
4163
4168
4152
4146
4188
4154
4147
4146
4180
4162
4162
4382
5166
4846
5032
4960
4819
4979
4931
5889
4693
4703
4678
4802
5231
4391
4407
4369
4576
4533
4317
4284
4272
4230
4253
4240
4218
4310
4264
4229
4328
4231
4390
4265
4422
4249
4261
4451
4373
4998
4457
4462
4631
4512
4779
4339
4418
4431
4388
4410
4300
4269
4319
4338
4230
4286
4422
4266
4243
4250
4388
4386
4229
4282
4230
4206
4148
4301
4146
4216
4144
4217
4149
4155
4189
4151
4147
4313
4178
4148
4301
4152
4206
4149
4194
4318
4313
4150
4219
4302
4283
4147
4238
4149
4323
4212
4337
4237
5053
4694
4733
5119
4615
4563
4594
4704
4596
5192
5174
5455
4605
4822
4701
4550
4539
4997
4417
4398
4546
4366
4470
4450
4437
4414
4441
4413
4507
4545
4457
4438
4416
4391
4416
5668
6192
5333
4405
4276
4261
4551
4423
4517
4260
4405
4260
4261
4462
4540
4250
4254
4414
4257
4259
4606
4250
4208
4244
4354
4151
4149
4150
4148
4151
4144
4232
10371
4323
10395
11215
11812
11943
11802
10527
4220
4219
11813
11763
10387
11754
11777
10424
11766
11770
11794
11814
12907
4414
9895
6221
10728
10505
10380
10404
4154
4188
4150
4150
4153
4152
4150
4214
4303
10378
10418
10384
10470
10382
10542
10516
10464
10435
10656
10443
10464
10541
10505
10602
10484
10464
10457
10439
10823
10625
10452
10477
10456
10451
10687
10471
10461
10521
11133
10490
10462
10830
10685
10474
10497
10451
10641
10893
11059
10477
10542
10511
10468
10433
10575
12720
12724
13380
10530
5787
12721
12728
5782
5787
12782
12723
12734
10518
10752
10682
10577
10516
10567
10511
10542
10508
10494
10446
10456
10490
10470
10480
10471
10721
10488
10536
10441
10451
10453
10625
10812
10748
10675
10448
10477
10842
10560
11066
7185
4183
4365
4148
10391
10388
10557
4149
4147
4151
4150
4156
10373
10749
10534
10451
10461
10448
10485
10439
10485
11338
7039
6683
6924
4305
5809
6344
7817
5056
4199
4415
4287
4308
6414
4468
4336
4345
4330
4336
