37512
37602
65182
63787
37566
67890
37816
65145
70155
66848
68589
66585
65919
65753
66270
37846
66343
37482
37461
53779
65843
65050
65272
63218
37444
65458
65600
66071
65696
65521
65503
65451
65745
65408
37469
52176
65357
37439
37434
37453
38412
37434
37580
37449
44914
37465
37464
37462
37457
37451
64781
37783
65186
37811
37456
37459
64898
65386
52161
67134
65415
65522
65545
37465
66422
66006
37470
66433
67290
61781
64723
65682
65980
65672
65854
37443
37442
37488
37447
37432
37478
37450
37442
37467
37436
37638
37446
37439
37455
37454
64387
64216
67495
66779
66080
65788
66026
66649
37447
65218
65878
52192
37615
37472
37449
37443
37447
37442
37872
66674
66189
37461
37453
37457
37442
37438
37438
67534
52097
66045
65210
37452
37490
37446
37509
37447
37503
37447
37450
37696
37500
37467
37762
37488
37801
37476
37485
37538
64681
65704
37514
65631
37493
37742
66406
64124
65621
65871
66278
52172
37462
65922
64666
37524
66366
65705
65606
44428
67376
65856
65887
65347
66099
52227
52938
53474
51055
64985
65901
65916
37446
37445
65433
37444
37469
63063
64995
65614
37778
65840
66586
65987
65926
64940
67055
65809
54518
38242
37451
37442
37454
37435
37442
52175
52178
37428
37438
37434
62002
37671
65009
37454
37443
37427
37446
37424
64931
65470
65711
37438
37441
50837
37441
37453
37791
37440
52166
65498
66142
66031
52175
53379
65309
52183
65265
65530
37448
37435
37455
37438
37455
37446
37456
37457
37479
37434
37455
37460
37450
37471
37443
37483
37447
65389
65309
65311
66055
65621
66392
52167
52158
51819
65927
65911
60679
65410
66214
66185
65796
66472
51835
37441
37451
37468
65047
67256
61981
64891
52164
37452
65161
37437
37479
67030
66392
37431
37463
65219
65666
66624
37431
49809
64551
50263
37456
37440
65242
37437
50584
66403
65469
47704
50257
52170
53512
65244
66578
57927
66763
54634
65684
37553
37598
37438
42864
65784
65742
66338
65609
52198
52184
52354
65781
52168
65494
66075
52347
37468
37451
37509
37449
37544
52175
52160
65274
37457
37436
37435
52469
67221
66813
66706
66205
52170
65878
52181
52527
66216
65947
58667
37441
57432
65574
37507
63932
38312
37438
60761
64542
65290
65282
66776
37435
39487
65734
64992
64903
65677
66427
52233
52171
37447
69993
37437
39779
64486
65255
37449
44092
58268
66797
65593
50846
55058
37444
37444
37473
64715
46525
52479
65571
37438
37437
65258
66405
37441
37477
37440
37441
43835
37435
53552
52161
52215
37442
37441
37428
37474
37433
64678
65282
65635
44168
37432
51355
65332
51853
37463
52177
64234
37436
41656
65231
62952
67037
52168
37514
37439
37449
44928
37441
52108
37445
37467
37447
37648
67064
66372
65316
66244
66482
65642
66262
66177
66476
66458
66386
66235
52181
52205
67445
55075
53240
37450
52278
66808
37441
37478
65551
61073
37439
37448
37438
37434
65607
37443
37459
66954
66208
65860
65909
65799
65919
65744
65611
65595
65562
52173
52156
52151
52157
37420
37714
37445
37481
65527
37478
37440
37440
37432
37446
52588
66690
62559
37465
37509
60171
43814
57556
54193
66291
65930
65755
64710
37434
37438
65920
59947
65253
52189
54431
37438
44131
37434
63486
60516
37435
37448
37425
66520
52547
37611
38099
37469
66520
37630
37472
48342
37453
43450
37436
65400
65974
66882
62897
48083
52033
37456
37443
37447
37475
37458
65905
41390
53205
64849
65264
37431
37435
55655
37449
37436
37438
65329
63112
65530
65827
37460
37427
37436
37468
37431
37448
66101
37449
37450
50852
37434
37442
64041
37450
37447
37464
37443
37435
37456
37805
37436
37456
62874
37436
37440
37448
37440
37434
37477
50236
37437
37451
65383
65661
65175
65433
37439
37448
65289
62882
65735
65761
52178
37428
37493
52163
37448
37459
37467
37438
37453
37441
37481
37441
37813
37440
37477
37442
37459
37509
38392
37449
37458
67356
37457
64900
37475
37452
37513
65500
65963
65962
66495
66468
66196
65663
51881
53733
65862
66480
52530
52162
37461
37448
37455
37492
65825
52481
37501
65489
66411
63484
67156
52213
37729
37565
37469
37693
37466
37606
37807
37507
37447
64565
65496
51913
64950
65264
65505
52206
52164
66747
66542
52197
52204
67393
66485
66689
66061
65817
65915
52228
52162
67049
65711
66479
66386
66363
66124
37546
58183
37475
63118
37493
37437
37487
37526
37461
37434
37443
65513
58059
37434
65301
37433
65917
65958
65930
65804
65850
65835
58053
50385
52175
52232
59884
66922
66445
66142
52170
55668
66438
52222
70927
53750
37463
37478
37441
37464
37444
65378
64995
65728
37437
53195
65223
55671
65196
37439
66481
65790
65740
67240
48276
37487
37468
66595
37458
65382
65675
37475
37487
37458
65328
66069
65582
65742
65837
63506
65517
65221
52200
37446
37512
37445
37498
65942
65462
65344
37491
66544
66328
65989
65973
65962
37442
66732
67212
37437
67236
66877
37453
37464
65288
66698
65909
65919
37427
66476
67570
58108
37790
37438
37472
37441
66233
51838
52182
37445
37491
37460
67109
37447
37454
62905
51459
37447
37482
37539
66750
65115
66192
66003
65844
65814
66479
52190
37448
66110
37664
68392
50014
65344
61716
66368
65740
46054
59895
37477
37447
55008
66918
66308
66030
65306
65299
66780
37455
37448
37530
43211
66485
66033
65709
65483
65274
37445
55012
64931
65517
47656
37427
37469
66216
66074
65955
65856
37443
37450
37446
37440
37445
65646
65144
66120
66477
52288
37465
52225
65539
65946
65860
37544
64294
65394
60360
64895
54420
37444
57418
64562
65323
65755
57454
64412
37446
37445
66621
37425
66833
66076
66100
65851
45383
66871
62924
37448
37444
65300
65955
65919
65834
65957
62872
65986
65608
66040
65290
65599
65768
58053
66454
69062
49709
68229
64755
49638
63918
37462
37440
37535
65552
66028
66262
37458
52217
52194
52202
37451
37551
37477
37488
37446
65330
65796
65991
65846
66488
52195
65409
66299
65968
63476
37438
37472
59240
37440
65070
65683
66493
52166
65540
66712
66623
66453
66277
52174
37491
37489
37450
64481
53266
66073
65952
65870
52172
65484
66181
66062
52167
37500
37440
37477
37439
37512
37439
37683
52183
52293
66575
66188
52225
67545
66546
52402
65342
66395
65905
65773
51844
52190
67086
66383
66095
37471
37468
37451
37453
37643
37476
37511
37445
37535
37438
37529
37524
37558
37470
37473
37460
37476
37447
65889
