10796
10684
10734
10757
10711
10774
10741
10705
10767
10738
10779
10761
10707
10721
10723
10732
10981
10771
10748
10707
10705
10686
10689
10757
11051
10706
10682
10685
10731
10695
10736
10771
10717
10693
10759
10683
10700
10729
10768
10698
10744
10705
10711
10732
10688
10726
10718
10691
10694
10685
10732
10700
10723
10707
10725
10704
10945
10703
10714
10690
10692
10703
10689
10699
10694
10955
10726
10685
10699
10741
10686
10712
10686
8127
4252
4247
4247
4248
4248
4247
4245
4258
4249
4425
4246
4245
4268
4246
4246
4251
4287
4245
4263
4244
4250
4268
4245
4245
10749
4245
4253
4267
4245
4245
11378
4248
10699
4261
4244
4257
4249
4245
4249
4246
4268
4245
4247
4242
4256
4246
4246
4267
4246
10687
4264
4244
4252
4243
4245
4245
4270
4246
4244
4245
4247
4259
4244
4265
4288
4245
4263
4245
4251
4263
4245
4245
4255
4246
4247
4244
4247
4245
4246
4249
4244
4260
4263
4285
4267
4247
4245
4250
4351
4245
4243
4267
4258
4266
4245
4245
4245
4244
4246
4246
4273
4265
4245
4271
4254
4246
4287
4275
4247
4294
4287
4282
4262
4244
4246
4261
4252
4245
4272
4245
4263
4247
4307
4244
4244
4250
4284
4246
4264
4305
4245
4266
4246
4278
4262
4245
4247
4275
4270
4261
4288
4247
4256
10644
10798
4273
4332
4247
4250
4369
4254
4258
4245
4374
4247
4295
4246
4268
4261
4244
10701
4258
4246
4326
4401
4247
4259
4318
4247
4684
4243
4292
4265
4263
4247
4249
4282
4246
4269
4269
4381
4245
4245
4256
4265
4268
4252
4266
4245
4247
4293
4252
4245
4264
4282
4245
4289
4268
4293
4244
10938
11100
4287
4291
4246
4250
4251
4260
4249
4246
4244
4372
4246
4246
4294
4310
4258
4249
4326
4246
4248
4246
4317
4244
4265
4247
4300
4243
4245
4413
4247
4337
12051
4329
4245
4245
4263
4266
4296
4246
10699
4271
4279
4248
4246
4264
4249
4245
4262
4264
4263
4244
4265
4306
4403
4247
4246
4352
4247
4368
4246
4312
4243
4269
4245
4295
4269
4247
4256
4286
4319
4266
4318
4357
4319
4263
4244
4426
4283
4246
4270
4314
4245
4267
4251
4272
4245
4246
4404
4248
4403
4263
4245
4244
4271
4247
12031
4265
10959
10951
4245
4268
4260
4283
4248
4260
4246
4281
4246
4246
4295
4246
4247
4258
4281
4246
4270
4246
4268
4301
12061
4294
4245
4264
4260
4246
4266
4245
4268
4244
4261
4244
4259
4264
4249
4265
4252
4245
4261
4250
4259
4248
4270
4256
4264
4249
4271
4271
4274
4245
4271
4251
4247
4267
4243
4288
4246
10909
10945
4253
10803
10946
10992
11110
11122
10981
10989
10693
10786
10785
11187
10964
10943
10827
10975
10975
10775
10772
10964
10804
10698
10908
10959
11255
11577
4248
4250
11170
11010
10954
12030
10978
11102
10979
11092
11263
11018
11144
11562
10956
11245
10978
10981
4247
10792
11041
10975
10776
10994
12029
11089
11194
11384
11276
11001
10984
11394
11549
11379
11575
4323
4251
10817
10961
10898
10972
10976
10996
11356
10997
4244
11005
11311
11467
10775
10938
11251
11243
10956
4252
10806
4242
11126
11114
11047
10894
11488
10958
10968
10926
11092
11262
10714
11402
10697
11094
11177
11251
12026
11163
11476
12039
11463
11859
12035
11294
11688
12035
11353
11556
11514
11377
11686
4296
10980
11073
10991
11113
10929
11270
11258
10924
4264
10793
4248
11014
4255
4243
4262
4246
4247
4255
6934
11001
10735
10694
10749
10703
10739
10684
10693
10699
10721
10697
10738
10706
10737
10696
11040
10703
10704
10693
10736
10691
10735
10711
10698
10709
10701
10701
10707
10707
10682
10708
10736
10723
10692
10709
10710
10696
10696
10722
10704
10739
10695
10729
10697
10708
10700
10710
10749
10700
10714
10680
10723
10805
10698
10717
10897
10712
10713
10706
10706
10699
10719
10702
10898
10688
10684
10742
10701
10692
10699
10802
10703
10690
10720
10706
10697
10699
10742
7364
6913
4405
4399
4249
4251
4245
4249
4253
4246
4267
4247
4246
4246
4249
4247
4247
4244
4278
10104
11651
10707
10733
10702
10699
10746
10743
10706
10693
10692
10726
10729
10699
10694
10725
10684
10701
10716
10698
10696
10705
10702
10695
10679
10724
10702
10729
10709
10713
10717
10712
10694
10735
10702
10709
10775
10715
10688
10712
10685
10868
10736
10685
10817
10686
10783
11075
10950
10697
10718
10702
10693
10719
10811
10681
10682
10731
10699
10694
10745
10699
10738
10728
10739
10704
10716
10725
10724
10680
10782
10692
10721
10692
10746
10686
10734
10696
10697
10743
10701
10711
10701
10825
10698
10720
10710
10716
11647
10699
10688
10691
10710
10710
10679
10709
10706
10710
10732
10721
10687
10689
10694
10714
10726
10691
10693
10698
13982
10708
10700
10702
10761
10686
10700
10705
10706
10741
10717
10691
10711
10696
10718
10701
10728
10725
10814
11031
10709
10823
10868
10698
10679
11008
10920
10699
10723
10696
10690
10715
10698
10726
10746
10704
10673
10690
10695
10703
10867
10800
10697
10687
10715
10699
10717
10697
10710
10804
10710
10700
10689
10698
10727
10694
10746
10707
10693
11036
10727
10755
10762
10732
10728
10704
10692
10701
10724
10735
10702
10696
10718
10776
10711
10720
10717
10939
10738
10697
10681
10816
10714
10741
10714
10696
10747
10716
10686
10712
10700
10689
10715
10784
10704
10690
10687
10734
10702
11037
10800
10696
10688
10720
10696
10688
10711
10867
10680
10724
10691
10725
10722
10701
10739
10710
10691
10682
10696
10868
10705
10731
10699
10734
10694
10706
10734
10737
10752
10728
10686
10731
10725
10715
10721
10709
10784
10732
10768
10705
10699
10672
10693
10749
10744
10703
10699
10712
10702
10722
10700
10752
10710
10942
10792
10758
10685
10906
10697
10721
10729
10709
10678
10704
10695
10689
10716
10700
10724
10723
10696
10683
10698
10699
10710
10878
10714
10694
10724
10716
10719
10808
10729
10712
10689
10697
10693
10699
10723
10805
10681
10702
10722
10708
10698
10711
10701
10708
10683
10681
10692
10716
10719
10759
10747
10696
10691
10720
10729
10686
10743
10733
10731
10692
10715
10720
10684
10727
11118
10794
10723
10791
10701
10700
10691
10701
10821
10688
