25794
25947
26126
25873
25850
25801
25795
25798
25803
26076
25806
54789
53338
54071
25789
25779
25937
26091
25789
25792
25950
25794
25787
25800
25837
26087
26085
25790
25933
25791
25800
25788
25792
25874
25817
25914
26361
25788
44975
54385
25774
54525
25786
25800
25812
25788
33178
54792
25872
25792
25768
25872
25810
25794
25790
26080
29116
54975
25783
25789
53378
25778
53645
54498
26066
25783
25809
25791
25789
25794
25798
25799
25794
25788
25791
25786
25814
25785
25791
25787
25795
25796
26161
25808
25794
25775
25782
25789
25798
25815
25782
25794
25794
25783
25792
25798
25788
25793
25791
25795
25792
26165
25785
25888
25783
25785
25788
25802
25801
25801
25787
25801
25782
25788
25793
25831
25783
25784
25791
26170
25795
25787
25790
25818
25785
25802
25804
25797
25788
25790
25799
25790
25772
25790
25792
25865
25784
25790
27214
28377
25987
25780
41273
26735
25795
25799
25784
55607
55388
25781
25795
25784
25788
25989
25811
25790
25776
25801
25801
25817
25835
25786
25791
25780
25795
55398
57198
25788
25825
25909
54452
25779
25862
25787
25798
25821
25792
25799
25878
25804
25783
25779
55486
56878
57472
57149
53430
30768
39125
58280
38675
47699
25793
25808
25808
56116
54272
53738
25798
25786
54651
54100
25798
25810
36879
25799
25795
25790
38986
26986
26583
25793
25784
25801
25793
25797
25792
25798
25772
55428
25832
38591
25798
55793
26611
25813
25919
25805
25796
25786
25791
25785
25817
53946
56078
25797
25805
25806
25853
25802
26573
36875
26826
26131
47261
25777
25870
25787
25785
53385
25794
25795
25784
25787
25793
25784
25786
25812
25792
25813
25790
25796
25799
25782
25784
25786
25806
25834
25804
25799
25790
25788
25788
25792
25784
25955
54393
54654
25869
25798
25811
25774
25804
25793
25817
25800
25797
25798
25808
25794
25796
25809
25804
25794
25814
25811
25793
25800
25796
25843
25801
25801
25801
25788
25809
25807
25790
26080
25813
25797
25784
25797
25776
26350
25805
25807
25803
25796
25818
25796
25788
25788
25792
25810
25785
25786
25796
25802
25797
53523
25812
25781
25832
52950
25811
54039
25794
25789
54635
54655
25780
25791
25784
25797
25815
25785
25797
25808
25852
25784
25783
25789
25818
25788
25784
53202
25785
25792
25772
25776
25797
25791
25794
25785
25800
25782
25800
25793
25798
25789
25775
25772
25786
25784
26334
55340
25802
52389
25780
25794
25806
25799
25883
25788
25796
25790
25784
25832
25819
26694
26310
25795
25791
25796
25795
25792
25795
25793
25809
25833
25792
25791
25785
25793
25799
25803
25795
25790
25789
25788
25793
25789
25782
25794
25794
25811
25785
25794
25820
25829
25797
25794
25793
25812
25790
25782
25797
25789
25787
25792
25787
25797
25806
25811
25793
25800
25795
25806
25785
25806
49792
26915
25793
25932
25808
25786
25803
25797
25778
25808
25790
25784
25785
25791
25806
26255
25807
25798
25795
25799
25798
25776
25919
25799
25790
25779
25797
25798
25783
25800
25808
25804
25795
26102
26204
25806
25810
25790
25792
25832
25794
25977
25798
25816
25793
25793
25794
25799
25797
25795
25791
25787
25828
25797
25789
25801
25789
25800
25798
25787
26244
25789
25813
25785
25976
25802
25802
26107
25791
25840
25792
25800
25803
25782
25788
25792
25790
25785
25789
25979
25827
25785
25783
25801
25786
26158
25775
25799
25786
25836
25850
25855
25788
56612
57270
25890
54157
25815
25833
25905
25810
25804
25786
25799
25864
25817
25796
25810
25860
25944
25805
25887
25830
25843
25815
25817
54631
25774
53996
25787
51636
25784
25788
25914
25792
25796
25795
25807
25791
25782
25798
25840
25792
25792
25841
25784
25787
25789
25796
25789
25807
25799
25913
25805
25789
25785
25789
25784
25811
25864
25800
25785
25790
25784
26194
25852
25820
26111
25795
25791
25789
25964
25786
25788
25794
25782
25779
25782
25822
25789
25954
25813
25822
25791
25784
25789
25787
25787
25947
25820
26041
25806
25905
25795
25795
25794
25913
25854
25837
25802
25776
25809
25820
25834
25812
25781
25806
25820
25788
26368
25783
25787
25783
25801
25800
25844
25833
25798
25793
25786
25790
25802
25772
25788
25797
25803
25788
25793
25939
25788
25780
25781
25793
25849
25770
25793
25791
25782
25795
25797
25839
26054
25785
25788
25804
25782
25809
25953
25816
25793
25796
52158
55230
25925
25918
25840
25807
52707
35619
36127
35940
36047
35929
35939
36024
39153
27469
38716
25779
37594
54815
39666
25796
25781
38680
25776
38684
25773
25783
38664
25780
38671
35247
35905
35906
35907
35916
49410
54006
25783
25797
25844
25858
25783
25800
25781
26090
25797
26013
31597
25816
55618
53652
44835
56548
54415
54215
54407
54172
54060
54034
53951
54402
53914
53700
53840
53987
53951
54233
54028
54415
54463
54301
53951
25814
54615
51841
38183
57782
54945
37531
25779
38737
25763
38685
25778
38710
25780
38687
38136
55637
54692
54156
54570
37983
57743
54745
25787
25788
25796
25799
54216
53963
25792
25799
25786
25848
25816
25793
25770
25811
25783
25782
25806
25795
25776
54233
54218
45244
39230
25789
39840
25789
39971
25781
25773
53829
53774
54020
53421
54267
53567
38788
56899
39622
57020
54991
38152
57347
54749
25799
25795
25790
25802
25905
25788
25779
25800
25791
25803
25830
25792
25777
25789
25824
25799
25799
54048
25795
25793
25785
25827
25800
25800
25779
25811
25797
54545
25790
25817
45586
27769
55128
51756
28569
25805
25843
42932
25900
55331
54461
54071
25799
55128
50461
50286
52081
25780
54004
25807
25827
26314
25854
25795
25798
51264
56072
54718
54070
37921
54569
38723
54020
51521
53641
53826
25942
25911
26160
25864
25810
25868
25828
25881
25918
25930
25892
25977
26122
25803
52123
53866
25809
54506
53679
54249
54117
25796
54851
51440
25945
53229
25767
27149
55548
43822
25799
25822
25846
52216
25782
25767
26261
25815
25789
25780
25790
25794
25811
25786
25784
25812
25790
25852
26059
25804
25803
25801
25825
25790
26173
25989
26025
50901
56128
25822
25797
25813
54376
25840
25864
25865
55020
25788
26060
52749
25791
25802
25790
25787
25786
25807
25796
54802
25801
25791
25782
25798
25801
25818
25789
54858
25945
53080
25793
26241
52940
26168
25799
25812
52648
54351
56752
51826
55054
25804
53697
53775
53776
54748
53104
52910
53548
25862
25904
25860
25826
25981
25794
25814
