2624
2743
2659
2629
1082
1094
1084
1082
1082
1082
1083
1082
1082
1082
1081
1082
1082
1081
1081
1082
1080
1080
1083
1080
1082
1082
1082
1085
1044
1044
2626
1043
2609
2764
2630
2619
2507
1089
1097
1089
1132
1045
2631
1085
1100
1091
1044
1045
1044
1083
1091
1082
1082
1091
2614
1044
1082
1095
1044
1097
1084
1090
1566
1095
1045
1102
1082
1083
1081
1082
1089
1082
1113
1083
1091
1083
1082
1566
1083
1081
1081
1128
1082
1090
1566
1090
1565
1089
1567
1044
1622
1044
1623
1045
1636
1045
1102
1045
1134
1082
1464
1476
1454
1112
1455
1471
1089
1455
1093
1080
1118
1082
1090
1082
1080
1088
1082
1088
1086
1111
1082
1082
1082
1082
1082
1134
1092
1082
1070
1082
1044
1088
1579
1044
1600
1082
1090
1081
1083
1082
1082
1082
1081
1084
1455
1147
1081
1082
1083
1096
1083
1082
1084
1085
1082
1082
1581
1044
1091
1082
1083
1082
1082
1082
1081
1082
1082
1082
1082
1089
1083
1087
1080
1091
1081
1115
1567
1582
1045
1566
1659
1566
1044
1565
1566
1052
1619
1580
1045
1566
1044
1565
1045
1090
1602
1044
1582
1045
1584
1044
1579
1082
1567
1061
2973
1587
1567
1100
1566
1581
1044
1044
1567
1565
1088
1566
1168
1566
1566
1088
1567
1087
1564
1082
1580
1044
1579
1044
1089
1566
1128
1625
1082
1081
1082
1083
1086
1082
1111
1082
1089
1082
1080
1092
1082
1566
1125
1082
1093
1081
1082
1082
1082
1088
1082
1122
1082
1089
1084
1083
1082
1084
1080
1082
1082
1082
1082
1085
1089
1082
1088
1082
1081
1082
1081
1082
1082
1135
1082
1095
2971
1567
1567
1632
1566
1580
1662
1566
1579
1566
1573
1589
1624
1636
1638
1574
1631
1572
1094
1628
1082
1129
1567
1088
1566
1082
1575
1087
1623
1083
1089
1566
1078
1566
1566
1088
1567
1088
1567
1082
1574
1044
1082
1567
1115
1567
1051
1566
1044
1577
1566
1125
1566
1082
1567
1566
1077
1566
1583
1565
1566
1576
1565
1583
1566
1567
1574
1566
1576
1567
1565
1573
1630
1588
1577
1045
1082
1044
1083
1044
1083
1566
1575
1566
1619
1619
1626
1602
1576
2612
2704
2783
2625
2619
2664
2780
2787
2741
2700
2622
2623
2679
2688
2623
2672
2684
2696
2709
2786
2620
2622
2624
2834
2782
2802
2623
2625
2835
2619
2780
2681
2620
3032
2717
2845
3151
1044
1073
1044
2719
1065
2721
2990
2973
2953
2956
2974
2972
2967
2106
1129
1083
1090
1044
1044
1044
1045
1051
1045
1053
1044
2638
2616
2657
2622
2622
2626
2623
2622
2622
2746
2704
2611
2612
2611
2611
2630
2611
2611
2610
2611
2611
2610
2611
2610
2610
2967
2969
3024
2968
2969
2969
2955
2956
2968
3029
2968
2973
2970
2692
2971
2682
3044
2648
2698
1052
2718
2630
2971
2982
3064
2970
2983
2982
2973
2620
2611
2611
2610
2746
2626
2645
2647
3217
2658
2614
2641
2614
2611
2626
2610
2632
2647
2624
2669
2672
2641
2643
2699
2641
2628
2627
2627
2632
2625
2656
2648
2698
2659
2722
2722
2626
2794
2646
2734
2647
2642
2643
2641
2626
2627
2628
2681
2648
2643
2642
2647
2670
2645
2700
2639
2644
2627
2625
2651
2637
2731
2727
2647
2743
2660
2714
2778
2628
2641
2640
2642
2646
2740
2738
2722
2628
2626
2627
2628
2703
2646
2415
1044
2611
2629
2611
2629
2737
2718
2655
2684
2624
2628
1051
1044
2847
2644
2645
2680
1569
2721
2647
1566
1567
1044
1567
1577
1044
1072
1565
2646
1566
2857
2846
2645
2652
2470
2674
1081
1082
1081
1089
1082
1105
1082
1096
1081
1096
1086
1081
1102
1089
2648
2650
2620
1128
2714
2745
1076
2727
2868
2722
2871
2737
1052
1044
2721
2704
2704
1044
2621
2664
2649
2716
1309
1067
1089
1080
1081
1082
2706
1044
2720
2739
1082
1044
1082
1081
2658
1103
1082
1088
1081
1088
2651
1082
1093
1082
1087
1081
1099
1082
1082
1044
2648
2683
2670
2611
1990
1093
1044
1045
1044
1044
1072
1044
1137
1062
1090
1045
1061
1044
1045
1046
2646
1045
1057
1085
2706
2610
1043
2855
2724
2820
2609
1567
2622
2627
2732
2608
1566
1776
2720
1573
2642
2755
1044
1059
1071
1049
2657
2755
1574
1043
1075
2625
1567
1051
2623
2674
1081
1106
1044
2731
1090
1082
1089
1080
1836
1081
1081
1044
1054
1046
1053
1044
1051
1044
1053
1051
1053
1069
1044
1051
1044
1051
1044
1082
1589
1123
1632
1082
1121
1085
1082
1080
1590
1082
1082
1053
1097
1044
1044
1080
1082
1106
1082
1090
1082
1093
1082
1096
1083
1082
1082
1082
1082
1082
1123
1083
1083
1083
1104
1083
1210
1082
1099
1107
1087
1081
1087
1083
1082
1081
1082
1117
1472
2624
2695
2628
2837
3148
3213
1461
1454
3211
3239
3313
1485
2837
3245
2719
3271
1566
1566
1586
1569
1455
1639
2635
2624
2640
2679
2648
2621
2621
2691
1567
1566
2717
2705
3076
2978
2969
3017
1049
3123
1623
1634
2971
2994
2971
3191
1634
1065
1567
2761
3114
1566
1637
1045
1648
1078
1044
3063
2973
3008
3026
2988
3064
3222
1045
2610
3134
3079
1044
3225
3013
1095
1044
1083
1081
1083
1109
1082
1088
1082
1244
1106
1092
1082
1110
1044
1094
1083
1082
1144
1100
1083
1082
1082
1082
1121
1082
1089
1126
1102
1082
1125
1082
1104
1082
1083
1082
1105
1087
1082
1082
1082
1090
1081
1089
1086
1138
1082
1082
1093
2625
1045
1044
1044
1063
1623
1044
1632
1044
1635
1623
1050
1044
1665
1045
1043
1043
1050
2623
2642
2646
2627
2624
2649
2683
2641
2632
2623
2621
2631
1575
1044
1049
1053
1044
1055
1100
1057
1043
1053
1044
1045
1044
1044
1052
1044
1051
1045
1043
1045
1045
1045
1133
1089
1080
1082
1084
1045
1628
1094
1622
1632
2626
1045
1051
1081
2703
1090
1044
2610
1088
1044
1604
1083
1089
1083
1088
