71703
72832
72428
71587
72861
44001
43908
60735
56170
43922
71278
72796
44005
44010
71647
72895
71111
72953
43950
72546
73513
72945
73991
71060
72952
70900
74371
71755
74698
72105
63614
66907
72125
73077
71864
72664
43932
74254
67278
44075
72908
44014
72604
73503
71236
70896
72254
72955
43915
72901
43975
72736
43939
49667
73355
43929
74105
72093
73105
73701
73468
43941
72527
60003
43937
73168
72511
43933
43998
72524
73080
43966
72341
70840
72560
64529
72332
73076
72855
73267
71150
73257
72959
43919
75782
44103
72642
71117
72626
43935
75076
46101
43929
44111
75137
71560
72279
43921
75628
44267
43934
75018
43936
72279
73324
71165
43926
43925
43917
43932
43942
43973
43932
43921
44002
43910
43945
43920
43978
43960
43942
44129
43917
44012
43940
44058
43958
43983
43940
77680
74743
72045
73198
72771
73894
72578
71639
72960
73762
71393
43925
71474
72991
43947
74009
72363
70929
72774
73197
43930
72313
43908
74238
72560
73458
71203
43929
43979
43928
43930
43920
43983
43912
43939
43912
43910
43916
43925
44175
72163
73271
43918
73038
43987
72783
73290
44040
72358
43920
75393
43940
44004
43977
71531
72917
77881
45010
45091
44048
44073
43993
44117
44114
73116
73564
71549
72540
73150
73612
73543
71436
73340
72401
73194
71730
72827
43952
43952
43939
43917
43930
44013
43926
43935
43929
43939
44203
43942
44549
43960
43968
43983
43959
43971
43932
43989
44274
71094
72661
71333
72978
68362
43947
72437
43968
72601
73758
73921
74221
73588
71592
72675
43937
43933
43928
43940
44193
43965
43919
44093
43937
73174
73680
43934
44234
43926
43946
44208
43937
43954
43953
43988
43920
43938
75458
74630
44466
75292
73298
71820
43941
72504
73422
73622
71446
72610
72797
70937
72622
43926
75222
71902
72907
72962
71017
72962
73006
71854
66338
65189
43963
70694
72750
73311
73756
73384
47277
43926
71862
73070
74930
72282
44004
75802
73468
43913
43978
44029
44009
43999
43986
44311
43936
43925
43930
44017
44073
43988
73120
73341
71026
70243
72196
43941
43917
43924
43954
43931
43947
43925
44332
43923
43916
43922
43928
43914
43910
43935
43943
43912
43909
43910
43913
43927
44110
43945
43914
43926
43936
43945
43941
43916
44449
44232
72523
73136
71293
72760
70402
72499
43908
72603
73652
71303
72641
73487
72860
70936
74441
43940
44090
74349
71935
43924
74365
71285
74396
73652
71853
43914
50793
71652
72885
71011
72570
43931
54324
43946
47787
72297
71711
43949
43954
43924
43945
43937
44010
44132
43927
43919
43950
44023
72715
66154
73140
75183
64857
43927
43974
43925
43923
43930
43935
43928
43919
44006
44227
43919
43937
43984
43955
43954
43923
43930
43930
43933
44018
44439
43951
43929
43925
44254
43945
43924
43922
43926
43925
44006
44401
43927
43918
43941
43941
44017
43921
43918
43954
43928
44089
44435
43968
43951
43919
43937
43938
43954
43925
43948
43937
44154
44197
43929
44215
43918
43922
43926
43924
71628
72293
74282
72489
73550
73367
43926
43956
43942
43941
44001
44417
73092
74706
73780
71752
43955
44040
44376
73090
46613
44201
43971
44041
43933
43925
43972
43921
43925
43956
44575
43932
72854
72897
43944
75563
43927
72271
71160
69592
71868
73466
72969
74178
74044
43926
74032
57875
73152
72718
73937
73068
73168
73395
43932
72182
73602
72944
73314
44290
43982
44003
44026
43996
43950
43935
43975
43915
43921
43931
71597
71229
72444
72351
43902
60124
43926
73422
73077
73335
71633
58532
71779
43944
43951
44845
43967
43938
43924
43927
71332
72741
73159
74171
44953
72463
72592
73381
71362
71750
72877
44782
71741
72382
73304
71737
71781
72437
44726
71951
74007
69363
71682
71752
72835
44751
69685
72123
72469
73235
71131
72703
73253
43917
43986
43938
43928
43921
43938
43926
43933
43940
44022
44248
43924
43935
43922
43929
43922
43919
44106
43932
43928
44003
72697
74143
43921
43911
43915
43915
43920
71936
73917
72970
73440
73484
43915
43923
43935
43912
43918
43913
73273
74236
72103
73344
43932
43918
43920
72230
72790
43941
43918
43922
43923
43914
43932
43916
43912
44003
73534
74298
72056
73118
72767
43904
73473
72655
72337
43938
43912
43921
43922
43915
43917
44004
71552
73544
52508
59414
43910
43936
73399
43910
73589
90505
44602
43940
43949
43947
43953
43932
43922
43945
44051
43944
44062
73445
73206
71993
43923
73898
72828
71222
43976
71747
74877
73914
43921
43933
73802
69656
74686
72467
72610
72573
43920
72531
72445
72483
72937
43937
75150
73913
43964
44121
72715
74660
43898
74077
43930
43947
43961
72871
70693
43928
72380
74797
73863
71727
74735
43905
73726
43935
73094
58726
74179
58845
74743
73213
71679
74174
43927
72669
73781
80757
43946
43968
43953
43964
71169
72829
43949
73340
43919
72154
72852
62167
43935
43928
43985
43903
73863
70930
72789
43933
43928
43930
43928
43929
43916
43926
44375
67069
43909
73159
72642
73264
43920
73004
74601
73592
72374
72087
43973
72849
72975
44361
44003
43946
43938
60404
73059
71776
73101
73680
71560
43963
71855
53695
43917
72474
73473
71501
72876
43915
72836
71835
72293
73082
73753
73213
71274
43901
72736
69291
72721
71839
71629
69214
46834
58671
72411
72784
73633
43971
70116
73098
71243
43901
68074
73234
54320
71277
43902
58668
43905
43911
58617
43934
72595
44437
74185
71557
43937
74286
72012
73031
59084
70212
72683
43915
73490
72665
71909
72945
74513
43904
55333
71171
72643
43938
75225
72263
69702
72144
73242
73634
73622
71373
73314
73487
56778
44011
43943
43962
43902
72967
58630
44301
71931
73002
71034
66933
72617
43904
57796
73119
43917
72472
43935
52765
71383
72657
43931
74440
74695
70484
72406
73557
71245
73180
43964
72875
43907
72776
43899
43929
43915
43912
43927
44417
73852
60112
43909
74503
71486
43901
43919
44665
74490
73636
71587
72503
73150
43901
76544
71723
72963
43929
72906
43920
74474
73858
73235
43904
76111
71825
72431
73195
71098
72785
73007
73557
74229
72818
73187
71224
72565
72502
72092
72478
72997
70568
73206
70146
73060
72778
73555
70330
73151
70458
70406
71784
73669
72949
43917
74116
72911
63185
43905
65816
71534
73254
72556
72411
72960
71367
73296
71776
72884
72468
71355
72157
71323
72073
71171
48172
72114
44940
46401
47080
70672
47946
73120
75145
72225
72962
43973
43922
43915
43919
43929
