102937
103386
74482
74414
74419
74439
74403
74401
74382
74404
74430
74428
74544
74477
74412
74447
74447
75061
74460
104137
74396
102679
104126
101975
102145
74418
103709
102008
103523
102768
74391
74394
74405
74384
101400
74393
103727
74434
103027
74792
102960
74392
102476
104037
74423
102272
103469
103854
102444
101502
103764
75204
89065
74414
74467
74447
74541
74404
74427
74421
74469
74531
74539
75051
74417
74399
74913
74427
74795
74489
74435
74720
74392
76954
102468
103961
74436
74836
74648
74461
74446
74541
74439
74442
74432
74496
74515
74491
74681
74395
74392
74406
74436
74427
74485
74447
74606
74406
74444
74434
74414
74491
74401
74439
74404
74433
74414
74513
74422
74421
84170
87666
74488
74446
74544
74432
74817
74961
101989
103542
74442
102122
104115
74465
74468
74588
74443
74414
74438
74408
74500
74523
74463
74437
74421
74424
74442
74525
74478
74405
74403
75088
74541
74469
101311
74444
101503
103650
102715
103232
102373
74465
74407
101717
103508
74531
74438
74430
74417
74400
74439
74551
74496
74416
74437
74395
74410
74401
74507
74436
74445
101401
103713
102749
103158
103230
103096
102101
74441
74494
74392
74403
75967
75128
74475
74555
74404
74386
74424
74392
74399
74401
74467
74430
74417
74406
74421
74446
74490
74435
74419
74448
74470
74443
74517
74514
74440
74417
74447
74451
74684
74489
101774
74401
103274
102106
74424
102171
103574
101720
74534
103759
102409
74539
74483
74438
74520
103777
103704
104464
102889
101539
101104
74439
105229
104950
105630
103260
102156
74417
101153
101307
74458
74631
104275
74390
74389
74399
74416
74509
74388
74401
74395
74401
74443
74402
74409
74427
74432
74407
74394
74494
74414
74427
74415
74404
74407
102302
74406
101583
103865
102245
74407
74413
74423
74400
74393
74396
101700
103349
101934
74381
74407
74395
101874
74637
104992
104910
103858
74450
74447
101093
74396
74440
95943
75746
74472
74630
74579
102822
101982
104171
74434
74424
74420
74400
74446
74385
74463
74402
74407
74409
74415
101877
103990
102036
115743
100252
75704
74488
74735
74530
74486
74538
74529
101529
104873
78484
74483
74497
74447
103692
102172
101589
103330
102593
101410
101370
74400
103778
102217
102297
101142
104670
75607
102587
74409
74505
74384
74667
103555
102493
101289
103440
74594
74655
74442
74425
74461
103541
104693
74409
102826
101918
74400
74414
102315
102979
101983
74508
101883
74391
103809
74386
75583
101313
101935
103215
101534
74436
74414
74463
102161
103405
101688
74521
74624
74576
103652
102646
74723
74499
101137
103702
74401
74385
74457
101328
74423
103679
74524
102160
74516
74420
74395
74990
101092
103956
101725
74551
74540
74452
74438
74468
74447
101128
74424
101701
103452
74443
74472
74503
103422
102210
74494
74517
74503
101047
74400
103567
102168
104074
101924
74508
108128
104298
102791
101174
74392
75360
74438
101086
103263
74457
74452
101619
74458
104242
74420
74406
74428
101488
103628
85327
102857
101694
103359
101907
101567
102384
102102
91811
103292
101930
74431
74446
103550
74437
103570
105075
74473
74482
74724
101582
102031
74457
74510
74612
74479
103960
74525
74457
105793
100778
74568
74593
74521
74455
74432
74407
74457
74558
74496
74451
74473
74446
74486
74538
74543
74517
89894
102718
102965
104309
74422
74441
74564
74719
74678
74408
74456
74671
74708
74493
74779
75383
101136
101213
101588
103626
102254
103528
102531
101907
100136
104826
74384
102331
74391
89377
74413
101492
103127
102125
81089
102615
101955
74382
74417
74394
89956
101887
107569
104239
100130
107640
96453
105222
102768
101658
103054
104224
103118
101830
104864
102483
101748
103881
101752
101960
74420
74416
103712
102459
101443
104070
102483
101951
104364
103061
74426
102119
101635
101622
75383
100546
74591
103578
102420
102615
101048
104264
102529
102551
103058
101235
103130
86007
102685
103131
102632
102737
102011
101954
104687
102062
101410
101520
103840
103124
103631
102354
101811
102050
101751
100935
74488
74447
103708
102853
103372
102278
101623
74381
101970
74443
74432
101218
101397
102391
100818
103057
102006
101980
101917
101797
103074
102106
101786
104516
102244
102154
101319
101629
101736
103626
102112
103483
102805
101584
74446
74756
74466
101197
104704
102485
74402
101734
101979
103989
102010
102192
101320
103951
104114
104659
103180
101519
102190
74418
101469
103639
102365
104659
101700
103818
102466
89120
74439
102480
101836
103930
102557
102160
103197
102023
101815
104080
102220
101285
101408
106212
89127
77213
103828
74475
74510
74499
103333
103706
103367
74547
74548
100537
104155
74645
106926
105130
103183
102697
74616
74679
74502
74526
104754
103312
103022
103121
74688
84595
74458
74433
102174
103213
102858
103367
102827
102804
102391
74445
75443
102041
102298
103478
102390
101940
101384
103952
102135
101515
74481
101605
103806
102229
74381
111279
74494
102464
99770
104093
104378
74445
74441
99115
102316
101945
101464
101369
74484
74897
74534
103836
101725
101716
74399
102669
87524
102481
101574
103759
102185
101828
82288
74444
101560
103940
102317
101876
103393
102379
107950
103889
103558
103582
102322
104048
102259
101563
74409
103828
74759
102307
87148
102185
103197
102821
102354
102364
103689
103863
76640
101971
103264
101871
101661
104005
103830
101627
103979
101853
104356
101951
103514
102123
101712
102197
99951
101587
74403
101717
101824
100902
103607
101873
101663
104223
102244
74525
74417
74460
103993
99967
100456
102849
102052
102396
103297
102126
103458
74378
80182
101525
75997
104681
104171
103349
103450
104882
100290
74402
104082
99390
103710
102878
74476
101506
74566
104209
102154
101646
102439
102967
103475
74533
99747
101628
99376
102928
102047
99216
96962
103739
104140
89488
75659
102283
101994
103965
74425
89052
103491
101559
74456
99171
102925
74372
88726
100470
75086
103176
74391
74377
78663
101977
74577
101559
74384
95626
75008
103516
101751
101662
101772
101484
101411
74565
101539
103382
74487
75561
105037
96814
103512
102293
101069
101326
101402
75410
77514
74419
102238
103260
74400
92113
101587
74505
74438
74393
103604
74612
104146
105693
102182
102124
102404
103426
103892
103689
101551
79946
100646
102680
107575
78224
105457
102980
74474
74385
101672
101888
74408
104728
101802
74435
74593
101358
74414
101561
74431
74429
101141
104129
102127
101740
103948
103611
104433
103296
102076
101296
101887
74406
74423
101594
104131
102536
100948
89071
102340
82981
104431
99469
103491
102002
105248
102209
98377
102781
102353
74379
102393
74428
74439
101201
103808
102447
104662
102114
101720
78041
97336
99951
101344
101271
78050
102096
101904
103106
102067
103117
