32359
32345
32354
32844
32378
32352
32362
32331
32342
32388
32482
32320
32360
32320
32359
32338
32329
32805
32406
32363
32332
32390
32333
32349
32396
32399
32372
32351
32319
32351
32321
32373
32766
32336
32365
32336
32349
32322
32407
32438
32316
32349
32324
32394
32348
32406
32489
32405
12841
32979
12849
32764
12840
33252
12863
32763
12949
33091
12877
32768
32978
12859
33066
12848
33098
33212
12977
33101
12856
33105
12839
33005
33093
16289
39421
17892
39390
17896
39404
17891
39414
39395
17902
39475
38198
32356
32450
32341
32389
32339
32371
32368
32310
32397
32345
32316
32376
32401
32402
32337
32388
32360
32341
32393
32310
32395
32322
32404
32385
32326
32322
33441
28932
33120
33083
32782
33272
33302
32369
32322
32514
32339
32339
32355
32314
32344
32438
32402
32333
32350
32353
32393
32424
32313
33108
32328
32380
32387
32370
32318
26645
36529
32438
32282
32352
32330
32364
32303
32358
32391
32336
32367
32330
32394
32324
33643
33816
32407
32340
32424
32364
32378
32458
32311
32353
32312
32380
32319
32371
32698
32379
39358
17887
39416
33861
32372
32472
32345
32327
32353
32315
32355
32318
32349
32787
32338
32405
32330
32320
32442
32441
32369
32315
32348
32339
32415
32406
32349
32362
32436
32366
32321
32418
32362
32398
32323
32335
32337
32576
32430
32429
32712
32455
32349
32331
32319
32363
32325
32460
32350
32361
32339
32312
32340
32312
32324
32315
33851
32374
32367
32344
32444
32343
32354
32351
32572
32333
32308
32337
32329
32332
33252
32372
32390
32333
32384
32318
32381
32321
32312
32339
32400
32313
32340
32335
32317
33625
32388
32340
32339
32335
32351
32358
32333
32327
32322
32339
32338
32330
32336
32427
32352
32333
32328
32323
32341
32343
32454
32329
32335
32320
32320
32321
32324
32774
32388
33013
32520
32741
32449
32401
32362
32356
32350
32337
32322
32335
32350
32332
32382
32340
32328
32325
32383
32330
32396
32333
32352
32320
32326
32322
32347
32335
32385
32454
32396
32332
32352
32343
32566
32382
32326
32353
32339
32313
32369
32357
32342
33603
32385
32357
32367
32321
32352
32334
32479
32326
32353
32308
32351
32368
32365
32358
32432
32354
32326
32327
32323
32329
32336
32473
32306
32327
32324
32329
32577
32317
33654
32364
32383
32335
32356
32320
32394
32528
32309
33098
32317
32343
32333
32353
32344
32473
32340
32346
32317
32352
32347
32356
32487
32323
32345
32354
32348
32346
32337
33424
32361
32342
32367
32353
32360
32336
32537
32321
32356
32343
32333
32330
32358
32385
32392
32454
32351
32529
32366
32411
32369
32330
32361
32322
32336
32349
32354
32348
33517
32336
32346
32342
32340
32326
32371
32460
32317
32324
32353
32335
32454
32379
33992
32364
32379
32350
32368
32570
32353
32361
32373
32321
32337
32466
32365
32335
32335
32796
32326
32365
32352
32346
32644
32364
32320
32386
32386
32321
32340
32667
32363
33505
32353
32336
32324
32357
32329
32352
32366
32348
32359
32371
32341
32382
32342
32351
32360
32330
32345
32564
32388
32369
32357
32365
32337
32356
32341
32347
32348
32355
32373
32374
32353
34664
40885
14942
12841
15840
12849
12845
12856
12847
12841
12842
12836
12855
12848
12844
12853
12843
12840
18780
12859
19274
12844
19280
12848
19274
12849
19274
12847
19285
12846
19258
12891
20572
20415
20517
20159
20429
20111
33906
20189
35422
23735
34133
20367
35212
20109
33575
20348
34619
34029
15310
32368
12843
32240
32339
32332
32322
32329
32502
34063
32183
12971
34864
32331
32357
32353
32541
32463
32500
32358
32349
32322
32386
32347
32354
32416
32585
32339
32341
32382
32343
32342
32368
32416
32408
32360
32326
32316
32370
32379
32360
26242
32342
32374
32342
32437
32380
32376
32357
32394
32395
32314
32320
32324
32395
32332
32357
32381
32351
32479
32330
32335
32352
32453
32359
32351
32352
32329
32341
32359
32413
32368
32342
32329
32353
32363
32385
32370
32366
32400
32318
32326
32324
32356
32480
32380
32309
32393
32365
32340
32345
32345
32467
32345
32370
32377
32353
32452
32344
33502
32378
32321
32832
32343
32375
32363
32341
32343
32400
32366
32321
32345
32346
32355
32591
32329
32325
32338
32318
32345
32362
32354
32330
32336
32341
32367
32322
32333
33425
32366
32346
32356
32363
32335
32322
32356
32356
32360
32321
32314
32340
32368
32361
32337
32339
32382
32314
32387
32338
32350
32353
32337
32361
32359
32353
32341
32357
33586
32371
32330
32373
32336
32361
32372
32461
32322
32412
32351
32330
32482
32357
33207
32335
32334
32367
32355
32318
32343
32355
32618
32552
25325
18568
12854
12844
12854
12845
12883
32342
32141
32141
32229
32363
32352
32368
32345
32329
32320
32343
32359
32371
32435
32501
32344
32498
32375
32352
15552
13310
13085
13455
12953
12862
12887
31964
32933
32359
32360
32328
32333
32384
32368
32588
32536
32340
32327
32327
32344
32362
32356
32324
32341
32395
32358
32344
32442
32338
32534
32349
32373
32339
32309
32364
32341
32343
32332
32309
32317
32369
32399
32352
32467
31782
32109
32158
32153
32322
32339
32342
32387
32316
32364
32395
32351
32327
32339
32582
32534
32332
32334
32342
32307
32349
32353
32377
32324
32318
32330
32362
32334
32999
32367
32349
32881
32125
32183
32320
32316
32357
32322
32411
32324
32319
32376
32328
38341
32346
32337
32349
32488
32393
32400
32387
32344
32633
32418
32362
32339
32360
32794
32405
32496
32364
32413
32377
32433
32531
32400
32310
32426
32328
32351
32370
32406
32324
32353
32364
32332
32428
32371
32387
32380
32314
32398
32333
32396
32448
32404
32515
32328
32369
32419
32335
32394
32397
32367
32403
32388
32344
32318
32430
32333
32358
33188
32145
32346
32329
32379
32318
32427
32343
32340
32327
32341
32398
32504
32373
33294
32390
32381
32455
32363
32347
32354
32315
32362
32333
32319
32313
32317
32346
32314
36577
32320
32358
36573
32324
36419
32375
32320
32382
32325
32387
32449
32360
32346
32149
32326
32268
32383
36272
32875
32452
32141
35004
32370
34315
32400
32338
32332
32371
32362
32449
32422
32357
32407
32326
32383
32359
32366
32382
32322
32415
32353
32490
32355
32352
32362
32363
32559
32359
32326
32362
32329
32343
32355
32347
32355
37002
32354
32340
32389
32382
32350
32322
32360
32375
32360
32344
32327
32363
32393
32575
32422
32408
32319
32375
32352
32339
32399
