267
266
664
265
266
664
265
265
265
663
663
274
664
274
683
274
676
274
664
275
752
664
274
668
274
274
663
277
663
275
676
275
663
274
663
275
274
664
274
663
275
664
313
664
275
664
274
673
274
663
274
680
275
663
664
266
679
265
676
298
676
265
664
265
665
272
664
265
663
266
265
265
265
265
265
266
266
310
266
266
265
265
266
266
266
265
266
266
265
393
751
691
668
668
668
679
668
684
668
668
668
668
667
666
705
668
691
691
668
703
691
690
691
691
703
691
691
690
690
689
690
690
690
690
690
691
766
691
691
691
691
746
691
690
691
691
703
690
692
693
691
715
691
690
691
691
705
690
891
691
690
711
690
693
690
689
710
690
690
691
691
704
691
690
690
691
704
690
691
692
691
690
690
704
690
690
691
690
703
689
691
691
667
702
691
690
691
668
703
690
691
690
691
690
690
759
691
690
691
692
702
690
668
690
667
668
668
683
668
668
668
668
668
667
667
667
681
667
685
669
667
668
668
720
668
668
668
667
668
667
668
667
680
668
668
667
689
668
669
668
668
682
667
667
666
668
667
673
670
667
681
668
667
668
668
668
667
728
668
667
668
668
668
668
725
667
667
667
670
724
667
667
667
673
666
671
707
667
667
668
666
681
672
668
667
668
668
668
688
671
668
668
690
680
668
691
672
691
699
666
667
668
668
668
668
691
667
667
668
667
666
668
682
667
668
668
668
681
668
668
668
667
689
691
679
668
668
668
667
680
668
732
668
679
695
667
667
667
667
667
680
673
667
668
668
668
668
725
668
667
668
667
681
668
679
667
667
667
668
681
667
668
667
684
690
668
747
690
667
668
668
747
668
671
670
668
680
668
725
667
671
668
667
732
698
667
668
674
668
668
681
668
680
667
668
692
691
698
690
691
691
691
683
668
682
667
678
668
668
668
668
667
667
699
667
830
668
668
667
669
668
668
668
668
667
672
668
668
743
667
686
674
667
690
668
703
691
691
692
689
679
667
668
668
668
681
667
680
673
668
668
669
737
668
668
668
667
667
666
668
668
700
669
667
668
668
668
684
667
668
681
668
668
672
668
691
676
667
690
690
691
690
704
668
691
668
693
667
668
680
667
671
668
667
668
666
668
668
684
667
679
668
668
690
668
691
690
689
668
690
667
667
696
667
690
668
689
667
668
690
667
720
673
668
691
668
668
667
690
691
681
667
668
666
667
667
668
685
668
668
669
667
681
667
667
668
667
668
668
709
667
680
668
668
667
667
668
668
669
668
717
667
668
667
667
668
666
682
668
667
668
668
668
673
681
667
668
668
667
668
668
681
668
668
668
668
680
668
681
667
669
667
667
681
691
669
667
668
668
668
698
672
668
668
668
881
668
667
667
668
743
668
682
668
668
667
667
757
691
668
668
812
682
667
690
667
691
667
370
684
667
682
668
668
370
668
667
667
668
668
703
667
667
667
691
668
667
679
668
382
668
667
668
668
669
667
730
668
668
668
667
674
668
667
668
756
667
668
668
667
668
673
668
668
681
668
702
668
668
667
668
668
668
763
668
681
668
672
668
669
668
670
663
667
692
663
668
664
668
672
668
668
678
683
667
682
668
667
668
668
667
664
668
666
680
667
681
685
668
667
668
667
667
667
668
680
667
680
668
667
667
667
668
667
668
668
681
672
680
672
668
668
667
667
673
668
668
675
673
748
672
668
666
669
668
668
668
668
681
667
743
668
668
668
668
672
663
668
667
719
667
671
668
667
668
668
671
667
680
667
758
668
669
666
667
668
663
668
668
680
668
680
668
690
691
668
667
676
683
668
668
668
668
691
691
730
690
687
673
668
711
668
699
667
690
680
667
703
668
668
668
668
743
668
667
667
668
667
668
683
668
681
667
691
668
668
704
668
690
668
668
695
668
691
667
668
668
667
688
689
674
692
691
733
667
696
667
690
667
668
681
668
668
668
668
667
668
683
668
671
668
668
667
667
667
673
681
667
688
668
667
668
668
687
669
746
667
667
667
668
690
667
684
668
706
673
667
691
668
690
691
762
668
669
668
668
667
668
668
668
744
672
680
668
668
673
668
690
668
691
667
667
690
668
700
689
668
668
698
676
667
702
668
702
668
690
685
667
690
691
682
668
668
667
668
668
668
686
668
681
673
668
668
668
668
677
668
672
697
668
667
668
694
668
668
700
667
682
669
675
666
668
668
668
698
667
679
668
667
667
672
690
668
689
667
668
668
685
689
692
687
668
747
669
691
668
668
732
667
691
