21165
21143
21190
21143
21155
21148
21164
21144
51018
21954
21160
21200
21159
21142
21159
50376
21135
21142
21144
21263
21136
21167
21142
21145
50158
21142
21158
21164
21880
50235
21140
38622
49973
21152
26993
50571
21165
21163
21156
21265
21158
21152
21154
21148
21178
21392
47241
48417
21145
21147
21154
21139
52717
39855
21175
21166
21149
21177
21151
21144
49670
21471
21740
21286
21270
21307
21162
21148
21150
21149
21141
21158
21146
21155
21155
21160
21161
21155
21161
21151
47986
50412
48581
52000
21255
21136
21157
21156
21192
21173
21151
21188
21159
21154
21167
21149
21159
21144
21150
21164
21145
21470
21365
47275
29473
29468
29467
29789
29474
29600
29478
29483
29461
29472
29467
29517
29461
29546
29477
29524
29491
29457
29473
29493
29482
49848
53407
21152
21150
21150
21147
46378
21143
21152
21154
21155
21162
21206
47975
49135
21153
21158
21175
21144
21135
21152
51388
21146
21154
21161
21143
22150
48617
21160
47748
49221
21144
50318
21153
21152
21176
21137
21153
21160
21148
21149
21142
21148
21326
49639
21144
21163
21463
21176
21151
21144
21152
48547
21168
21134
21165
21149
21158
21155
21160
21149
21150
48603
49780
51599
49219
21142
21176
21144
21160
21149
21148
21156
21142
21150
21154
21153
21157
21254
21202
21449
21459
21218
43298
50136
21162
21140
21150
21157
21148
21164
21145
21161
21151
21151
21443
21162
49933
21164
21499
40450
48861
21157
21146
21143
21150
21498
48746
49393
21140
21144
21155
21141
21155
21155
21163
21245
48404
21141
21158
21142
21229
21153
49317
49178
21223
21153
21225
21189
21221
21218
21203
21169
21145
21171
21277
21141
21161
21139
21151
21177
21156
21158
21142
21174
21156
21158
21150
21157
21168
21144
21149
21147
21161
21164
21146
50146
48380
21157
21150
50597
21358
49189
21296
21173
21182
21155
50288
21140
21139
21144
51645
51365
43619
49737
21610
21152
48743
21160
21158
21184
21146
21162
21158
29942
50626
21157
21475
21186
46627
21184
21162
21145
21151
49700
49212
21138
21147
21145
21150
21146
21146
21140
21146
51034
50430
21155
21145
21139
21159
50594
21187
21133
21145
21137
21168
21142
21139
21146
21146
21131
21145
21139
21224
21236
21165
21149
21165
21152
21169
21147
21158
21172
21167
21163
21158
21169
21150
21176
21157
21151
21157
21148
21155
21164
21154
21211
21146
50550
21158
21143
21158
50640
21142
21156
21159
21160
21159
21145
21164
21159
21149
21143
21154
21162
21146
21472
21153
21168
21243
21146
21156
21183
21150
21148
21149
21153
21277
21144
21195
21146
21163
21159
21151
21160
21161
21163
21201
21438
21159
21142
21154
21149
21144
21178
21143
21157
21167
21142
22045
21317
21156
21167
21146
21170
21140
21139
21156
21144
21176
21248
50464
51450
21146
21145
21148
21133
21151
50179
21142
21183
21143
21139
21154
21146
21152
21144
21146
21149
51202
21177
50489
21172
21155
21205
21149
21176
21157
45542
21192
21140
21155
21142
21151
21152
21144
28024
48638
49933
21157
21144
21162
21183
48375
21158
21194
21145
21162
21137
21146
30118
48133
48935
49132
21164
51295
21182
21202
21167
21182
21157
21467
50452
50962
49839
50414
49194
50107
49773
50141
49829
50278
49704
55329
31479
37168
33921
35583
21149
45431
48718
35745
48322
49847
21257
47837
21130
21145
50707
31187
21146
21149
21158
21150
32368
21139
32527
21224
31963
21259
32177
21166
32539
21155
32828
21207
32314
21213
21146
32681
21150
32253
21154
32474
21147
32526
21156
31875
21148
32481
21149
32782
21136
50288
32220
52441
50254
30850
21162
21148
31776
21164
31796
21132
31784
21135
31760
21137
31804
21132
50282
31753
21256
31747
31714
21480
35196
51063
51608
21419
50196
49958
50092
49318
21223
21208
50833
50330
21181
49236
21144
49861
49876
21158
21137
49495
49986
21253
21190
21139
21425
21143
21226
21142
21198
21190
21162
21146
21149
21139
49215
38214
49406
49973
21253
21195
47082
50432
49530
50070
49448
49796
50367
30881
21145
32143
51161
51153
50028
21137
21213
21194
21144
50187
51544
50060
30763
21139
52724
43831
47694
48936
21221
21154
21204
21166
21165
49291
49657
49896
21136
21277
21294
21212
21268
21134
21184
21138
21151
21138
21188
21174
21226
21172
21147
21152
21149
21141
21162
21150
21184
21302
21200
21208
21171
21245
21198
21148
21159
21172
21207
49103
21226
21144
21152
21173
48243
49183
50440
49514
50175
47082
48820
49913
21171
21205
21157
21174
21135
21193
21143
21179
21138
21234
21138
21150
21160
21157
49036
49211
49673
50465
49372
50438
49158
50461
49595
50356
21267
21208
21140
21200
21128
21195
21141
21193
21171
21153
21131
22754
21170
21164
21137
21151
21216
21158
21154
21141
51319
21164
43901
21149
21160
21155
21174
44671
21151
21158
21205
21141
21149
21146
21157
21152
21173
21134
21172
21145
45474
21149
51691
48774
49473
21163
21165
21175
21158
49336
21143
51121
49745
50490
49625
50479
49956
21145
21144
21147
21137
47977
51912
49544
21143
21251
21651
21135
21166
21153
21186
21142
21155
21147
21179
21170
21181
21130
21185
21138
21176
21141
21147
21139
21147
21160
21150
21221
21577
21155
21194
21149
21200
21148
21153
21143
21167
21170
21142
49754
50463
49806
50489
49766
49928
49151
21155
21164
21176
21161
21148
21210
21159
21329
21204
21150
21144
21147
21162
21156
21158
21146
21409
50210
43027
21145
21241
50702
21156
48295
46753
48508
21157
51078
49678
49785
21177
47665
31267
31736
29988
51104
31715
21162
31712
31726
50405
29441
29491
29495
29480
29479
29459
29486
29471
29476
29500
29473
51489
52925
21151
50494
21141
21149
50970
21145
21150
50469
21144
21149
21149
21290
21148
21162
22979
21276
21168
21145
21143
21142
21143
21147
21151
21396
21153
21147
21143
21150
21135
21262
21151
21151
21164
21191
21173
21146
21154
21144
49514
21299
50129
21265
51043
21153
21148
21168
21155
21172
21149
21151
21153
21141
21205
21161
21158
21158
21226
21192
21165
21150
21148
21159
21206
21156
21371
21135
21173
21149
21132
48899
49252
31151
21147
31761
31725
53958
50547
21159
21143
21804
21149
49362
21166
50295
21168
21242
21142
21173
21142
21179
21145
21184
21138
21146
21159
21138
49362
48654
47029
21145
52047
49190
24320
21192
49050
50032
50130
30431
21140
31820
21287
47952
21132
21139
51180
49061
21238
