42131
47955
16759
41939
39804
42165
16739
16756
45688
41846
45328
42144
47053
42113
22520
42128
23325
42148
23308
42127
23332
23358
23354
49066
41868
41921
42147
42155
42164
42221
42227
42162
42140
42160
42205
42180
42494
42175
42249
23353
23543
45408
41846
45572
48826
42163
16733
16739
16737
24963
42143
42149
42218
42157
42147
42152
42179
42160
42148
46853
16736
16818
16733
16774
16731
16738
16766
16747
16761
16745
16743
44823
22237
46972
47308
16738
40782
16738
16779
16755
16745
16755
16739
16782
16771
16751
16744
16767
16745
46094
22803
23378
47120
25106
41866
25166
47236
16734
16745
41887
22022
23340
48617
25106
24278
23357
23316
23324
23341
23328
23323
23334
23327
23420
23566
46616
25111
25138
24044
23313
23330
23381
23513
47287
41847
41871
36978
42203
42179
42155
42153
42124
42142
42141
23328
45738
23302
47455
16742
16745
16740
16741
16733
16753
16736
41862
42105
42186
43539
48319
16764
36145
41889
42144
42136
42243
42128
41851
42154
35427
42188
41914
42195
42150
42498
42205
42160
42162
42965
47007
33258
16755
16733
16748
16743
16758
16754
41839
16739
16744
16730
16741
16753
16760
16731
16753
16736
16761
16748
16741
16755
16735
16744
17121
16751
16734
16748
16756
16745
16734
16762
16744
16745
41872
16738
16736
42645
46920
16734
41855
16744
16751
16764
16750
38139
42341
42168
23321
23342
23325
23321
41156
42210
42151
42155
42176
42143
23315
48118
41852
25099
46982
16763
16751
16743
16794
16743
16747
17098
16749
16755
16746
41921
16740
16761
16745
16742
16817
16745
16766
16744
16752
16733
16745
16745
16751
16786
16749
16739
16743
16754
16748
16749
16788
16776
16778
16735
16758
16746
16740
17011
41886
41984
42019
42221
42257
42137
42145
42185
42411
42186
47958
41894
42408
42165
42159
44777
23321
23334
23349
23373
23326
23329
23323
23337
23307
23334
23331
23331
23357
23320
45453
23308
23332
23366
23328
23357
23337
23322
23331
23327
23350
23654
23809
23338
23333
23330
23318
23368
23323
23314
23333
45740
47316
16756
16742
16747
16740
16737
16746
16787
16739
16738
41871
42144
23353
23324
23324
41306
42146
42157
42155
42184
42245
23333
23345
23328
23354
23859
23348
23350
23394
23336
23357
23315
23329
23319
23336
23325
23343
23334
23329
23823
23311
23337
23326
23346
23346
23577
23329
23339
23330
23338
23324
23325
47725
41890
42162
42162
42196
42155
42153
42612
23336
23359
23363
23359
23349
23325
23334
23377
23330
23350
23582
46772
47820
16766
16748
16799
16762
16750
16745
16749
41885
16727
41925
16762
41913
22594
42140
41890
16738
24175
48467
16780
43882
43365
23359
47102
25103
25129
25163
16738
25154
16792
25123
25108
25130
23329
47551
25105
25107
23343
23328
23323
23326
23330
23337
23329
23360
23324
23583
23322
23333
43881
23308
23320
23518
47483
41898
16735
25124
16742
41869
16760
42180
42168
42122
42197
42138
48142
16756
25116
16741
41863
16734
16761
16748
16745
16745
16773
16746
16741
16747
16743
41854
16761
41872
16728
42039
47398
46902
16738
33619
42469
47627
25105
16757
25111
25228
45522
16746
46838
16735
16764
16751
16739
16742
17205
16737
16742
16739
16757
16759
16744
16756
16745
16753
46200
16776
46613
23408
46277
42180
45072
16732
16762
46510
41853
45336
23340
48408
25121
16737
16738
16736
17541
47092
41907
16734
41848
16734
41866
16744
41885
16738
41864
16738
41971
41888
42253
42197
42135
23325
23337
23337
45351
47064
41893
16738
16728
16742
16743
16746
16746
16738
46402
16732
29511
42143
42216
42112
42154
42219
42152
42197
42485
42122
42146
42148
42153
23317
23342
23310
43724
41889
45877
48414
23317
47676
41901
16824
25113
16777
25113
16743
25119
16794
25136
16745
25123
16745
35805
16745
41875
16754
41872
16810
41894
16839
41861
45895
45856
41851
16742
41849
16738
42210
16734
16733
41851
16730
44726
42154
42203
48952
25171
16735
25139
16775
41934
42153
42863
48321
25098
16737
16744
25099
16740
25123
16731
25156
16731
45723
16737
16731
41842
16729
41867
16731
42136
16738
16781
16736
41930
16734
41900
42129
47966
47022
46495
41833
41871
42124
42128
42185
42246
42153
42146
42109
42112
23322
48303
41863
16862
41893
16759
41880
16735
41872
16736
42151
16746
25114
16748
25114
25111
16747
25114
16772
25162
16763
25126
16746
25111
16740
25107
16743
25110
25108
16735
41924
16742
25121
16750
41876
41862
47349
41857
16733
41890
21745
47360
25108
16766
25253
16749
24935
23368
23329
23333
23343
47988
42033
16739
25183
25142
47647
25122
16746
25104
16752
25119
16738
25113
16738
25149
16732
16732
16969
16741
16754
41890
16736
16735
16741
16738
25121
16744
25112
16740
25108
16922
25119
16749
31408
16735
41893
16736
42358
16735
16740
16741
16746
42049
16753
41905
16762
16736
16739
41923
47435
41856
16753
23315
47126
25112
41867
42104
47277
28474
16738
41924
42055
42147
42206
48685
25136
16743
16735
25788
16739
41937
16759
25144
16773
25124
16769
42175
42125
42147
42130
42142
44529
42190
23863
42351
29273
41880
16756
41910
16756
41922
41260
16740
16741
16747
16741
16745
16739
16731
21451
42290
23309
23350
23331
46468
47591
16734
16786
16755
16744
16871
16759
16745
16740
16740
41866
25129
25125
24455
23378
23812
23344
23330
23335
23352
23325
23325
47076
46509
16734
16865
16743
16740
16729
16732
16740
16729
16739
16723
16746
16777
16752
17146
16755
16728
16741
16741
16741
16737
16741
16729
16746
16736
16745
16756
16746
16740
16751
16793
16860
16758
16742
16739
16748
16747
16743
16743
16756
16771
16740
42039
44619
23336
23336
23330
23510
43958
42129
23321
42447
43808
16751
16774
16746
32596
42469
42134
44744
16731
46118
44998
16742
41847
16750
16750
41859
16739
16737
41844
42150
42127
42163
42273
42230
42274
42338
42275
42155
42164
42166
42150
42555
42153
23333
23315
23321
23377
42235
46339
16761
16736
16793
16742
16934
16742
16746
16731
16758
16740
16753
16740
16751
41987
25116
25124
47322
16744
16780
16758
16797
16758
41875
42106
42429
42188
42208
42454
42154
42300
42151
42203
42150
42199
42167
42230
42273
42150
42150
42532
42182
40213
45321
16755
16770
16770
16749
16860
16750
16767
16788
16791
16750
16793
16762
16755
16753
16753
16756
16756
16749
45874
41832
24192
23314
23333
23323
23337
46813
