103067
96223
74952
104092
96483
103078
91869
103772
103491
103907
101900
103594
102966
103794
76314
102490
101926
101719
90430
104040
102685
103791
75402
87006
90127
75129
76948
106560
75330
100211
103885
100546
103847
104191
103349
104596
104670
79144
105956
75461
102520
103712
97372
103880
98724
97624
75058
103530
102808
105062
76941
112321
101184
104546
79137
74925
74921
74980
103247
103993
103569
104269
103003
103827
102607
103537
102816
103818
102127
74946
74922
74902
74921
104854
104240
74943
74929
75012
74973
74930
74934
75012
74940
103404
102328
75847
75250
102092
106913
85919
77751
96397
103761
101658
74909
74953
103086
103532
102784
75269
101822
75282
104632
100415
103816
103804
102292
75002
76328
104238
104404
76248
76746
77501
75587
75563
75294
75034
75270
97853
104413
75583
105956
103907
105506
91127
105718
75609
75563
75388
75224
105956
75744
102382
91574
75766
103043
80889
78076
104428
100421
75937
76293
105741
88968
74931
103235
94085
97537
104001
100088
75397
104888
86148
113784
91519
75791
76143
101935
88505
105364
86608
75386
103483
99925
75243
103144
76392
76917
95316
84259
103757
106698
103658
104389
99176
100839
102063
103812
104104
76087
104075
98703
97686
102828
75306
102654
104081
102493
99014
102873
104362
102352
105139
97649
102358
77340
91897
100157
76532
99261
102428
100926
101602
110648
87869
103842
93079
91017
103049
76876
77322
75766
76162
102591
103866
75084
75131
103606
77543
105326
100314
104995
79672
102192
83681
75915
75371
76190
93829
89789
103853
96106
104730
103693
102602
75868
100876
75076
103138
103648
102821
104048
102645
76035
75740
75111
75037
99721
75624
104692
100658
100687
90022
108851
102768
106194
99890
105117
76265
75092
103696
103244
104183
75261
112629
108070
79266
95021
102856
104099
103037
75018
74933
76173
99250
101370
82651
89832
91373
77778
76827
76895
84130
95665
80520
102136
75497
75183
103867
77270
102807
103641
103764
102568
105356
105249
103098
74907
104261
74987
74959
74953
74910
74916
74939
74947
74911
74910
74937
74965
74924
74968
74952
74925
74995
74929
74939
74924
74909
74918
74927
74946
75029
74968
74942
74932
74950
74920
74951
74907
74976
74911
74907
74949
74919
74949
74915
74958
74959
74961
74921
74913
74906
74911
74918
74964
74939
74940
74966
74984
74913
74945
74942
75210
74940
103033
104436
74901
74914
74925
105614
105017
74918
74977
74939
74927
102316
103791
74914
74983
104389
101942
74912
74939
74919
74947
75461
74914
104495
101955
104008
74965
102207
74970
103016
75040
74993
74961
103289
74921
74905
75041
74919
74975
74915
74899
74922
74903
74916
74913
74906
74918
74908
74902
74898
101658
103954
74927
101805
74914
103182
74910
104265
105962
103742
74911
74918
74918
104362
106869
103129
101952
103996
75504
74977
81781
74929
74916
74909
104685
74970
103842
102798
103687
102856
103136
74899
74919
104352
102193
103652
74944
75016
105253
104618
102813
102949
102430
103367
74910
104752
101462
79276
105045
103890
104068
102853
103681
74947
74912
104671
74921
103677
102190
105462
104177
103663
103964
103466
103944
102767
103587
74959
104270
75032
104058
103128
103809
102761
103690
102697
103799
74964
104717
74944
75154
74919
74981
75037
74908
104391
77239
103810
75056
75372
78245
104419
74976
103428
75053
75156
103419
102586
103742
75000
104895
104276
74970
74911
104571
74921
74914
103544
104870
74988
101679
104334
102058
103153
74961
101663
74925
103646
74995
103765
102815
103818
74961
104210
102106
104688
74909
101959
74950
75325
103001
103821
102733
103651
75012
104128
74921
104168
74906
75312
104672
101241
104310
102395
104334
75098
103549
102172
103989
102369
103293
102111
103881
74935
74938
103664
102520
74915
104235
74991
103976
102263
104324
102428
74981
75028
75005
75003
74985
74992
75097
74932
74927
75031
75104
75036
74929
75076
74960
74961
74968
74922
102111
103964
74948
74987
103633
102684
75288
75473
98614
74926
104424
99051
75023
75580
91451
101933
103477
74911
74919
104764
74922
101401
75051
74980
74980
75398
75251
74941
75085
74949
75018
75018
74989
75014
74982
75144
75064
74980
74996
74982
75021
75103
75435
75006
75012
74976
75102
75001
75037
75196
101464
104055
104322
74940
104298
74979
104067
74916
74955
104438
74934
104051
102729
103779
74920
104164
75923
103522
74952
104675
74978
103668
85518
74952
104906
75126
75152
75083
75019
74975
75048
74972
75044
74968
74927
74998
74976
74929
104519
74978
104177
102263
104246
75009
104057
102558
103802
75193
104558
74994
101394
74921
104161
104151
74978
74951
103784
102543
74928
74909
74909
74932
74940
74909
101985
103958
102750
103231
102581
103835
103189
103883
102200
103682
76134
89727
74973
75475
90543
103634
74940
104324
74914
102123
103615
74990
74994
75042
74970
74925
102654
74988
103979
102357
103492
103921
74907
102445
101545
74915
103298
74941
103829
102301
75746
103376
74908
103696
82890
74900
101977
101297
103080
102244
104531
74929
103638
74878
74897
101841
104404
74912
103931
101959
103877
75055
74932
104677
104062
102126
74890
104586
105701
103369
74953
74940
74913
103783
74949
103836
102341
74958
103806
102403
103435
102222
74957
103522
74917
74909
74923
93340
101647
103766
74917
104196
101944
103940
102329
75572
102942
75002
74927
74910
104079
75024
101049
75371
102816
74930
104552
101957
103823
74958
75050
103923
102961
103047
104350
104181
103199
104233
74931
104375
75595
103800
74953
102424
103037
74925
102361
103333
105910
74913
103929
75046
74907
103849
74945
104223
101956
104704
74911
104216
74909
102049
74911
103367
74923
104648
101542
103683
102859
103822
74921
74910
104174
75079
101791
74905
104286
103931
102658
103635
102938
104036
74901
102116
75291
75316
102314
104684
103650
103145
103561
74895
108616
104066
103015
103704
74926
74902
104049
101769
104546
75004
104072
101958
103845
74989
74941
75112
74938
74923
74956
74973
75100
103717
104394
102408
74965
74911
103977
74905
104054
102249
103693
74905
104382
102831
103141
102571
103756
102990
103610
99248
102820
102698
74928
98729
74936
74960
102376
103518
74957
76129
102959
74913
104183
75011
105900
106769
102974
75333
75101
74994
74975
75057
75069
105191
104746
103116
74908
104094
102021
104233
102112
104932
101908
103660
102750
104041
102776
102983
102452
103706
102985
104021
74910
104454
74923
104183
74902
74900
102433
103210
74923
104079
103507
104092
102824
103752
102624
75813
102087
75008
119146
76210
74991
75058
74956
105448
75036
74908
74923
74932
74931
74988
74979
75028
103735
74945
74938
74946
75031
75037
74972
74989
104263
101845
104403
101996
