41599
47247
28805
16516
42139
24808
23170
46620
16571
41363
22142
45965
25492
16696
24822
24058
45419
31032
16531
41990
41585
48753
30295
45062
41445
16524
23846
37318
24800
16534
24797
16517
25406
16513
24528
43917
39339
16511
46518
24705
29802
16562
42143
41551
46358
46168
41330
16510
42327
40815
41327
16511
40784
16513
41339
16855
41160
16521
25617
16526
24769
16517
24783
16513
24782
20307
41627
47508
44857
36071
47186
41298
16516
41769
16557
41458
16515
24939
16515
24394
49011
41303
16509
41592
41589
41605
41562
41565
42790
41636
41599
44712
45437
41299
16556
40647
41310
22125
23038
23020
23042
23008
23245
23001
23081
23129
23037
42893
47335
16527
41299
16556
41312
16525
41312
16543
41353
41631
41908
41743
41655
41623
41653
41836
41617
41582
41695
46862
37036
16521
42035
41773
41688
41592
48341
41403
16559
41411
16527
41656
41610
41585
42498
41603
40077
16521
41244
16517
23258
45300
41346
16538
16664
16521
41469
16537
41334
16521
41396
41786
48174
44774
16557
46316
45916
24774
16586
32755
16553
41504
41597
41607
42063
41552
41598
41611
41682
41590
41592
46866
16532
41408
21979
23019
47917
40858
41299
22135
23017
23029
45070
41335
38190
24771
16522
24779
16561
24776
22547
47431
31658
41541
41749
48368
41401
16526
16530
41394
16522
44939
16542
41367
16518
41369
16524
41415
16549
16592
46124
41300
25490
42076
41614
41589
41652
41624
41601
41546
41560
41594
41587
41605
41590
41621
41626
41573
41996
46780
16517
16524
16531
16514
16528
16515
16550
42531
46206
41315
41376
23305
23017
23035
41605
47076
16513
16523
16525
16515
16519
16520
16526
16513
16525
16538
16518
16526
43031
41374
16504
41335
16514
16514
24726
46468
24798
16555
24820
16564
23893
47925
47079
46246
16508
16630
16530
41233
41361
16528
16542
29044
16535
32932
31050
26788
41574
41650
41608
41593
41561
41596
41670
41599
41563
41586
41615
41588
41538
41596
41598
41689
41669
41772
41703
41626
41565
41589
41591
41609
41607
41688
41608
41608
41587
41732
41658
41580
41591
41627
41604
41700
38125
41300
16513
16511
16519
16524
16628
41769
16513
23081
45056
41638
16515
41653
41560
41591
41579
41609
41590
41592
41749
41567
41619
41631
41565
41603
41597
41595
41611
41595
41605
41692
41736
41579
41575
41589
41588
43663
47908
16520
41402
41538
41596
41702
41586
23016
44850
23022
23007
23006
35795
42581
23018
23009
23444
23015
23018
23100
23022
23023
23009
23145
23012
23007
23008
23045
23026
23032
23017
23007
23019
23015
23000
23013
23018
23008
23002
23011
23103
23073
23008
23000
23016
23019
23024
23027
23038
23128
23035
23009
23003
23183
23015
23016
23026
23040
23012
23024
23009
23088
23012
23006
23019
23015
23017
23010
23007
23004
23016
23018
23010
23025
23018
23042
23022
23008
23018
23016
23012
23012
23154
23020
23021
23017
23019
23048
23014
23000
23011
23115
23024
23016
23039
23010
22997
23027
23007
23006
23024
23029
23045
23115
23017
23022
23011
23012
23044
23021
23017
23022
23034
23020
23033
23019
23005
23308
23319
48274
25751
29297
25430
25690
25526
23021
23009
23025
23019
23019
23018
23052
23053
23019
23012
23024
43665
17359
16517
16523
41323
41571
45321
16513
16531
16532
16532
16524
16523
16509
16592
16531
16788
17223
16621
16557
16536
16528
17128
16525
16525
16514
16524
16535
16812
16529
16526
16533
16601
16536
16847
16707
16519
16518
16539
16527
16537
16516
16524
16504
16527
45458
22490
23010
23045
23023
23016
23008
23018
23027
23030
23016
23097
23020
23019
23006
23039
23018
23053
23013
23020
23014
23007
23019
23019
23010
23009
23026
23008
23033
47899
25586
25503
25719
25587
25242
24789
23027
23018
23037
23292
23008
23016
23031
23384
23032
23013
23047
23021
23015
23014
23023
23027
23028
23031
23032
23014
23010
23015
23021
23023
23021
23017
23006
23023
23020
23009
23022
23032
23032
23021
23014
23032
23014
23004
23065
23013
23018
23006
23104
23020
23020
23056
23011
23027
23019
23018
23016
23022
23029
23014
23018
23021
44819
16545
24829
24781
24308
23027
23019
23015
23014
23014
23020
23019
23014
23316
23025
23009
23048
23022
23022
23017
23011
23023
23034
23042
23016
23011
23019
23028
23020
23021
23311
23023
23025
23022
23028
23006
23040
23009
23166
23035
46147
41285
41471
46036
16528
16507
16539
16527
16530
16527
16530
16960
16531
42122
16515
16535
16512
16533
16520
16541
16527
16524
16523
16545
16520
16527
16523
16526
16616
16529
16528
16554
16523
16595
46073
16519
16519
16526
16527
16520
16528
41293
41578
41657
41600
41839
23066
23082
23021
41585
41653
41589
41690
41610
41653
41598
41592
41633
41658
41645
41646
43001
23016
23108
23056
23010
48051
24780
24775
24505
23025
23037
23019
23011
23023
23013
23065
41620
23007
23234
23012
23019
23020
23025
23031
23031
23016
46233
25328
45262
25410
24937
25390
25955
26903
24555
23022
23253
23005
43867
16559
16520
16524
16511
16536
16521
16529
16528
16527
16523
16607
16546
16525
16541
16539
16523
16532
16525
16526
16513
16525
16559
16521
43960
16510
16515
16522
16518
16522
16531
16518
16530
16562
16528
16527
16524
16515
16616
41341
42026
48338
16526
41297
17122
41384
24779
23040
23012
23063
23024
23006
23005
23023
23019
23066
47766
16525
16576
41439
41598
41996
41606
41601
41670
41619
41597
41603
41630
41554
41588
41714
41633
42136
41611
41612
41629
41784
41644
41626
41641
41594
41570
41623
41560
41603
41683
41602
41630
41599
41590
41588
41616
41612
41585
42022
41861
41541
41584
41601
41599
41587
42316
41632
41586
41572
41580
41720
41598
41563
41619
41691
41601
41606
41620
41594
41698
42259
46161
16510
16510
43160
16517
16512
16509
16516
16526
16524
16526
16522
16520
16500
41543
23023
23019
23004
23010
23027
23008
23026
23233
23020
23010
23169
23020
23005
23041
23051
22999
23022
23003
23039
23015
23023
23025
23028
23026
23011
23015
23024
23138
23172
23001
25052
41570
41560
41587
23011
23010
22998
23006
23009
23014
23118
23019
23020
23015
23020
23032
46785
16509
16569
16529
16523
16546
16528
16528
16551
16531
16524
16513
16608
16527
16523
16525
16527
16507
16523
16527
16530
16515
16531
16530
16536
16519
41960
42090
25507
23424
23005
23042
23034
23009
23040
23030
48360
48006
16511
42431
16517
