50517
77572
80271
78941
80476
78161
77933
50538
78014
50845
50511
50550
50489
50559
78032
77391
53657
79344
75964
79504
50499
50643
50683
50526
50562
51213
77911
77500
50503
50471
50648
77449
77565
51319
50733
50680
50536
79845
78092
50464
77957
77224
61964
90583
66412
50605
66272
73499
79261
77585
80803
73361
52058
75062
80135
77489
50564
50525
78194
78380
68459
77515
79857
79699
77786
80617
50502
78195
79307
77183
80327
74721
78471
50482
50474
77522
50880
80265
77950
62055
78225
79923
75927
79750
78074
80251
78633
81279
75645
79093
76587
79450
78482
80189
78487
51725
79259
78342
78024
80071
79487
77441
50482
77427
80625
81940
50538
78227
77354
79330
78366
77788
80012
80058
78796
77394
77630
77451
77427
78571
77035
79115
50487
78382
79552
80670
79499
78423
50577
81153
77142
80328
50556
78358
50544
79026
80056
79236
79013
77913
50505
78374
79515
77669
80081
79206
70452
78932
80203
65018
79221
77427
79334
77466
81418
81290
51631
77337
80734
50796
50490
50507
50489
50677
50565
50494
50525
50485
50839
50569
79652
50847
78223
50520
77363
77609
51055
77667
50601
50497
80754
77659
78047
50783
77173
80286
78827
78792
79252
79940
77569
80083
50516
50551
50631
50581
78321
78634
77300
50628
84461
56062
80356
50478
78004
78227
79635
50494
50528
78556
81018
59144
77669
79628
78936
63181
78036
77997
79833
77894
78260
79813
80548
69826
79031
50507
50558
78167
78250
79732
78906
79760
78540
80580
79672
78091
80744
51012
50492
75360
79133
52447
77723
77652
50983
77560
79459
78087
78071
77544
50491
50943
77493
81050
81082
79493
78237
78661
77141
79416
50508
78483
78354
77614
77975
77360
81045
81130
77158
80158
50681
78260
50478
51185
79934
50618
77775
78835
51048
50509
50609
77998
79094
50534
78834
80731
78622
50591
77533
79764
78127
77983
80282
78492
79862
78131
77818
50623
78504
80193
77993
78181
79327
78948
50536
78072
75615
78698
78634
79198
78732
77907
51514
50664
50583
50597
50546
50624
50675
77436
79788
78751
77886
78339
79626
78383
78517
77928
77133
64107
79202
78816
79062
50480
50652
50564
50524
50492
50515
50508
50504
50527
51178
78339
50595
77533
50493
77685
50479
78290
76927
80226
78895
78575
50584
50548
50595
51097
77116
80105
78154
78355
79790
79269
79409
78278
77454
78109
79803
78969
80163
78558
78086
80588
78511
81373
77706
50730
50489
50629
50505
50686
50499
50616
50692
50687
50589
50811
50498
50641
50511
50732
50495
50620
50738
50861
50540
50832
50512
50543
50572
50557
50475
50652
58783
81637
50559
50481
50559
50536
50546
79749
80554
50547
50481
50534
50479
50722
50515
50575
50795
78037
79211
78754
79923
79201
51852
81278
77500
54648
50526
50481
77943
50498
50490
50698
50686
77539
50522
50480
77481
50620
77488
78167
80484
50650
51969
73550
54486
52995
54314
51180
73944
79128
77985
81780
64861
50940
79446
78220
50551
50702
50839
50772
51204
51225
77134
64909
79616
80510
50560
78247
66557
77289
50479
79847
50501
50480
50647
50490
50532
50572
50709
50531
50565
50497
50507
50516
50519
50519
50809
50496
77935
78716
77394
79909
78457
79885
50831
78583
50502
50490
50536
50506
50634
51417
76984
50492
50492
50574
50529
50502
50490
50483
50473
68737
74247
51430
50500
79410
78680
77809
77598
76635
50508
50484
50546
51324
50996
50513
50591
50766
80132
81763
79824
50518
50483
78652
78330
76932
78834
78110
77719
50604
77687
77662
79649
50503
50687
50567
50498
77866
80036
75922
51035
50733
50514
50570
50539
50497
78589
75799
78754
77345
77426
77685
50620
77573
77349
81656
80724
50523
50571
50535
50530
50982
50526
50516
77041
79060
50694
50631
50933
50533
50669
50518
50609
50542
50547
50565
51222
50719
50762
75921
79715
50630
50568
50573
77892
50504
50613
78389
50687
50500
51001
50556
50649
50580
50688
50769
51448
50646
50709
50540
50612
50555
50634
50589
50952
50512
51202
77409
77863
79493
78346
77123
80169
75588
79267
57357
50505
78832
80139
78680
77594
50506
50528
50506
50482
50493
50531
50694
50804
50568
50581
50678
76425
79681
50629
50824
50841
50573
50622
50491
50520
50511
50528
50508
50524
50675
50894
50513
50867
50495
50632
50758
78214
50495
77754
50506
50495
50544
50492
50503
50504
50525
77811
79883
50607
50565
77843
77377
80086
78438
50484
50493
77314
77409
77827
79951
78437
80092
77796
50481
77561
50464
77897
77608
79910
77840
50571
77687
77475
77686
79598
80072
50527
78750
77682
77691
77820
51112
79364
77605
50668
50501
50603
79228
74512
79516
79197
50483
77122
78922
80750
50514
76856
79640
77990
50529
50529
77579
77584
77616
79572
78167
50622
77407
50488
50474
50486
50478
50933
77659
79393
78205
50513
77859
79824
78402
58957
79528
78047
78008
51705
79476
78046
80001
57486
78657
78082
50643
50577
50515
77512
79919
77926
77356
50539
50542
50511
50484
77821
80309
77642
50512
77515
50504
50526
50474
50481
78004
50557
79341
51077
77189
70637
51240
78798
79634
50506
50715
80052
76548
81328
81916
80331
78346
50598
78007
78291
78047
77484
50522
77399
77010
77449
50559
77558
77629
50501
77323
50527
50628
77456
77525
50540
77705
81041
79477
71790
78305
77697
78211
77920
53574
81587
79508
50504
50921
50481
50895
50478
50937
50802
81085
57515
50754
50603
50920
50484
79221
77595
50979
50499
50857
50479
50888
50487
50800
62932
57492
50573
50888
50489
51012
50766
50891
77684
78516
50514
51060
50494
50894
50495
50951
50490
50887
50492
51075
50508
51084
50804
50786
50642
51071
50529
78158
61205
77361
50467
50486
50471
77690
77554
50845
79812
79109
79075
78586
79915
50704
77337
79450
50505
50482
50524
50494
50498
50543
51122
50512
50521
50543
50494
50492
50520
50482
50478
50909
79777
79776
62972
50493
80614
78533
50492
78627
50526
79872
50509
50514
50500
50538
50505
50512
50496
50500
50506
79581
50515
80213
50488
50488
50494
50506
50519
50658
50489
50543
50538
50474
50491
50533
50570
50493
50529
50491
50499
50501
50492
78637
50482
50481
50638
50488
50472
50489
50513
50589
50652
50479
50526
50487
50510
50500
50820
50484
50598
50506
50493
50496
50500
50486
50527
50615
50486
50503
50576
50776
50485
50493
50486
50488
50491
50503
50494
50496
50493
50489
50492
50485
50497
50493
50500
50482
50504
50495
50508
50497
