113461
112692
113000
112484
113586
112647
113674
83970
83937
112733
113595
112800
113305
112580
113287
112732
112985
112860
113515
84010
111899
114249
112741
111223
114059
111077
114000
111668
112387
113700
112300
110337
112375
83948
111583
111012
114877
83943
113405
112672
112952
113530
112739
113024
112529
112910
113007
113640
112209
112736
108056
111186
112982
84001
83945
112658
112966
113632
110414
112409
84042
84019
85164
83956
112529
113341
84131
84082
84112
84067
84014
84300
84065
84129
111198
83963
83951
85961
111085
111938
112052
113498
112545
113583
112466
112915
112986
113602
112961
112669
112749
116019
83978
112230
112806
113377
87445
112445
112842
112505
113569
112866
113566
112298
113001
113033
113723
112262
113501
112557
113796
112874
112629
112652
113919
112813
113123
112555
113351
113035
113271
114388
112330
112168
113299
83963
111365
113001
112574
113335
112284
113282
112741
113473
112163
113032
113135
113042
113456
83965
111368
84040
84007
113565
111225
112059
112393
113480
112704
112848
112550
113093
112948
117914
111959
113283
112692
113603
112058
113401
110122
83996
84002
83992
84015
112491
114448
84059
114316
84791
112169
115247
83978
113302
112631
113460
113015
83999
111528
113056
112753
113477
112261
113034
112835
113693
112889
112379
113481
112689
83952
112474
83954
83947
112848
113586
112268
113286
112854
113563
84100
111152
84319
111868
112461
113946
112136
112843
112601
113688
112111
112589
114933
112255
112279
112819
112432
113344
112780
113346
112881
113466
112700
113546
112091
113352
112630
84003
112217
112008
113333
83986
111945
112453
112511
84045
84137
112472
110941
113399
111336
112740
84041
111367
111552
114734
111725
112702
114188
111591
112604
113405
112102
112853
113177
113029
113201
112647
112939
113832
84298
83957
112715
114597
111837
112582
112214
112892
113160
112946
112746
112678
83957
112299
111678
111732
112446
112849
110532
112733
88068
84233
111960
112767
112783
112690
112763
112970
113152
83975
111204
112351
112820
113173
112894
112794
112955
106418
83964
111381
112476
112815
113163
112606
112711
113030
113332
113275
112453
112778
113190
113142
112543
112848
112924
113062
113370
112435
113219
86719
105386
84010
83975
111417
113290
107120
112711
83966
84000
111537
112333
112836
113224
112737
116248
111530
111873
113047
112542
113443
112720
112391
116015
84008
110401
111249
113139
112706
85230
111324
111790
112946
83976
111786
113267
112125
113059
112750
115021
110939
112667
83951
111867
113165
112158
113342
112829
116269
111506
111899
113066
83952
111846
107424
111258
113149
112572
83972
111990
112544
113065
83939
112231
112636
112658
113538
113167
112570
83985
112239
112366
111224
111162
112130
84014
83968
83972
83986
111115
84339
111665
112643
112363
111964
113135
112745
113849
112878
113115
112753
114986
112359
112586
112727
83982
112587
83947
111118
112345
113480
112775
113150
113438
113185
112913
114088
112485
113251
113096
114136
111960
83959
112084
112008
113139
111719
83964
83956
84606
114134
84800
84127
112996
113150
83951
111614
112572
113041
83976
112306
112102
112842
113143
113300
113037
112585
113408
112787
84620
84473
112767
112588
83945
112023
112756
112496
113300
113047
113010
113184
113253
111235
112023
112656
112554
112936
84030
83959
84028
110575
111666
113061
112615
112314
84190
113480
113414
83938
87596
112404
112312
113376
84687
111326
111976
113155
112909
135446
84045
109819
112343
112125
83996
111901
112019
83944
112671
111792
112710
113335
112819
113596
112209
112974
112702
84053
112473
111838
113139
112659
83999
111985
84010
111759
112338
112908
113141
112570
113143
112853
117806
111994
113157
113141
113032
112507
113252
113075
113681
113048
112792
112892
113427
113134
113195
112847
113533
84036
111917
112515
113065
113598
112967
112879
112987
113730
113300
112369
112723
112573
113572
112989
113092
112841
113306
113025
113256
112629
113181
112811
113760
112395
113218
113220
107373
111917
111599
112915
112717
113279
112464
113331
112692
113402
112948
112720
113094
113310
113076
113190
112612
113171
113495
112924
83983
111942
86440
112417
83950
111748
112169
113373
113430
112688
112447
111012
111890
113104
112024
113188
107313
111286
113044
111923
113322
112673
113306
112109
114083
112299
113355
112798
112977
112586
113462
112997
84208
84634
84121
84124
84161
84076
113102
104417
111898
112767
113246
112394
113065
110546
84006
113106
112851
113479
113049
113378
112134
110352
84006
111724
112008
112576
112313
113354
112822
94019
112931
112680
113616
112748
112877
112497
113403
114635
111674
84023
84024
84060
84197
84596
83965
83942
83952
83979
83954
83948
114188
113170
85491
83990
84244
83953
83950
84017
83985
110667
112074
112381
112717
112970
113459
111120
107731
112955
84022
84025
83979
84006
83974
83971
83980
84006
84003
84025
84153
84313
84134
84034
84013
84309
83968
112555
113023
84020
111665
112377
113578
112730
113898
112153
112660
112283
112565
84087
112153
113368
112739
112976
113169
112674
83953
112261
112154
112666
112554
113503
112805
112744
112664
113253
112916
113601
112296
113383
112681
113522
112270
113342
83947
111909
113401
112006
115771
88285
98180
112179
111972
113272
112678
113518
112573
106905
112859
84011
112852
110015
83975
111450
112152
112627
86413
113287
112581
113636
112936
113015
112600
112948
113672
112458
112998
112744
114038
112762
112940
112579
113655
112718
84216
111704
112370
84035
111989
112065
112777
83976
112219
112813
112341
112934
113494
113291
113178
110571
112135
113464
112473
84329
83931
83934
111796
113260
112826
84105
84295
83963
111784
112944
112329
113078
84785
111520
112564
112324
112969
110542
84434
110325
112474
112795
84023
84086
84051
84392
84013
112194
113324
112412
113658
112786
113493
113082
112843
112784
113340
112801
113356
112722
135128
107042
111706
101092
113348
111552
84006
83952
83954
83947
83970
83957
83944
83998
83967
111313
111897
113196
112781
112326
113478
112725
114013
112136
113487
112567
113553
112828
112945
112582
113764
112722
113123
112726
112962
114123
112903
113139
112593
113602
112616
112735
112554
113406
112859
111350
84034
112687
113272
112727
113249
110129
116402
115145
111744
112671
112660
113884
112751
113158
112899
113977
112955
114290
112203
113312
112763
113864
112574
113559
113090
113749
112976
113403
112922
113509
112854
84057
112665
111577
113123
112279
113029
112578
113677
113194
113093
112077
113267
112660
113882
112271
112916
112818
113450
113011
113112
112533
83953
112472
112541
114415
112527
112419
113608
112151
113304
112851
113955
112322
113329
112708
113609
112719
112931
83981
85268
112155
112415
113074
112494
113642
112880
113075
113050
83992
112936
112675
87987
83938
84267
112892
112465
83953
112185
112069
113307
112646
110623
84021
96423
83995
84067
112070
83986
83938
112295
84012
84013
113034
112835
112913
