31929
31896
31925
31864
31929
31855
31984
31874
31871
31828
31953
31854
31856
31893
31851
31885
31884
31844
31858
31895
31863
31915
31871
31913
31938
31852
31836
31892
31860
31941
31868
31934
31929
31874
32011
31896
31928
31971
31858
31916
31849
31905
31856
31887
32058
31839
31890
31869
32043
31942
31880
31900
31869
31845
31873
31857
31869
31876
31897
32164
31904
31901
31932
31897
31853
31959
31830
31890
31845
31926
31905
31906
31847
32000
31997
31876
31842
31924
31962
32075
31879
31902
32046
31847
31938
31866
31856
32313
32645
32336
31964
31913
31894
36869
28110
31758
12690
31738
12667
31781
31863
31874
31855
31834
31886
32550
31876
31894
31858
36480
31890
31842
32041
32285
31942
31842
31874
31865
31889
31996
31876
31839
31883
31932
31930
32080
32017
31861
32129
31855
31922
31939
32081
31956
31909
31854
31861
31861
32013
31978
31891
31896
31857
31860
31856
31862
32469
31874
32256
31870
31850
31889
31879
31855
31862
31855
31874
31858
31929
31866
31874
31885
32469
31992
31874
31833
31864
31905
32302
31894
31859
31874
31856
31862
31855
31910
31837
31908
31866
31928
31865
31916
31894
31888
31899
31883
31897
32052
31863
31885
31843
31840
31928
31872
31841
31846
31868
32032
31895
31932
31874
31853
31954
31879
31886
31855
32436
31843
32050
31870
31893
31849
31887
31884
31852
31909
31905
31861
31887
31899
31880
33161
32078
31939
31866
31927
31914
31901
31937
31904
31858
31869
31875
31963
31891
31863
33065
32012
31881
31907
31871
31868
31863
31879
31931
31975
31869
31890
31888
31860
32033
32007
31943
31959
31882
31925
31931
32199
32087
31888
31916
31874
31850
31888
31891
32441
31920
31859
32050
31880
31924
31855
31877
31908
31879
31884
31874
31880
31864
31870
32150
31890
31876
31869
31868
31860
31875
31840
31867
31854
31902
31879
31862
31868
31990
32143
17672
17655
17663
17660
17775
17625
17640
17642
36396
31894
32763
31886
31874
31875
31875
31869
31857
31915
32043
31865
31864
31856
31925
31885
31877
32054
31830
31885
31870
31893
31870
31894
32085
31943
31877
32048
31887
31866
31878
31900
31887
31862
31879
31863
31895
31875
33182
31848
31922
31958
31894
31886
31859
31882
31878
31874
31827
31878
31892
31876
31886
31835
31954
31911
31853
31894
31883
31862
31877
31880
31928
31884
31871
31844
31935
31862
31901
31895
31932
31899
31957
31884
31879
31912
31890
31881
31951
31878
31885
31880
31971
31921
32044
31903
31846
31892
31950
31962
31905
31896
31891
31899
31921
31898
31917
31879
31851
31927
31906
31850
31882
31865
31876
31940
31853
31848
31893
31880
31853
31913
31987
31872
33941
32135
32175
31928
31912
31855
31879
31942
31891
31907
31937
31878
32599
31860
31877
31875
32003
31947
31905
31888
31883
31895
31898
31865
31879
31905
31969
32082
31875
32035
31853
32029
31892
31909
31846
31874
31848
31903
31874
31878
31879
31914
31968
31849
31909
31889
31856
31952
31873
31880
31862
31867
31858
32229
32508
31869
31993
31995
32053
31949
31866
32046
31927
31858
31888
31834
31875
31875
31876
31894
32364
31962
32042
31895
31908
31940
32128
32084
31946
31875
31884
31882
31882
31885
31906
32033
40602
38232
31051
12674
18999
26105
18997
12667
12664
31659
12653
31813
31860
31859
31852
32136
31829
31924
31857
31849
31842
31859
31863
32153
31856
31851
31864
31836
32192
32060
31850
31934
32206
31891
31937
31846
31949
31869
31945
31920
31869
32019
17646
38848
24049
31843
31838
31994
31862
31876
31928
31868
31879
31866
32208
31910
31878
31870
31884
31860
31847
31883
31985
31913
31927
31870
31872
31843
31855
31869
31900
31827
31840
31842
31855
31831
31882
31861
31860
31859
31916
31909
31818
31849
31842
31838
31860
31858
31897
31909
31858
31872
31889
31926
31857
31882
31939
32028
31884
31914
31855
31923
31909
31866
31913
31891
31897
31868
31872
31889
31857
31893
31847
31872
31844
31914
31942
31836
31872
31911
31889
31956
31956
31901
31913
31944
31853
31909
31892
31913
31841
31873
31898
31880
31862
31872
31875
31863
31975
31886
31906
31923
31966
32016
32056
31889
31903
31867
31893
31857
32186
31951
31919
31841
31878
31872
31973
31910
31841
31868
31902
31922
31853
31847
31836
31885
13757
12671
31676
31730
31914
31972
32203
31838
31934
31865
31873
31870
31902
31874
32852
32012
31895
31869
31884
38806
35854
31868
31909
31863
31916
31923
31876
31879
32379
31872
31865
31865
31948
31948
31935
31919
31863
31930
31878
31990
31896
31903
31905
32141
31873
31841
31952
32031
31914
31963
32001
31966
31906
31913
31950
31910
31952
31879
33199
31995
31881
31928
31928
31933
31850
31884
31907
31902
31889
32009
31915
31851
31949
31894
31854
31888
31917
31919
31323
32256
15239
19977
17157
13674
13486
13009
12742
12647
12670
12660
12658
12659
12649
12658
32706
32684
34390
35873
35184
31903
31919
31893
31880
31905
31876
31910
33592
41711
23610
19501
32929
14907
33050
12687
31712
31765
32172
31885
31884
31908
32112
31950
31893
31972
31905
32032
31930
31972
29483
37975
12768
17262
12934
12684
12723
12687
12713
12665
12699
12657
12655
12663
12655
12679
12666
12666
12643
12654
12668
12658
12663
12656
12670
12688
12662
13024
12688
12699
12743
12660
12718
12662
12671
12677
12670
12672
12667
12665
12659
12699
12723
12761
12718
31888
12672
26968
31878
31848
31882
31909
31859
31896
31844
31890
31878
31916
31942
31952
31844
38247
31870
31833
31869
31905
31872
32018
31857
31898
31874
31902
31868
31877
32046
31898
31890
31876
31912
31892
31895
31884
32390
32011
31935
31866
31899
31880
31825
32326
31940
31860
31869
31875
31863
31923
31865
32154
32123
31906
31881
31959
31891
31898
31904
31818
31892
31993
31869
31900
31893
31865
31861
31859
31854
31904
31867
32280
31865
31883
31919
31879
31933
31858
31848
31884
31878
32152
31858
31917
31931
31874
31892
31888
31905
31868
31943
31945
31896
31862
31925
32356
31894
31850
31865
31847
31868
31856
32069
31843
31929
31886
32035
34632
31897
32073
31866
31953
32000
31930
32028
31845
31940
31845
31879
31845
31956
31925
31955
31855
32020
32024
31853
31860
31873
31928
31964
31906
31866
31907
31859
31854
31901
31828
31839
32381
31941
31954
31903
31927
31865
31907
31843
31890
31868
31865
31849
31856
31913
33061
31837
31892
