80181
78938
79903
78033
77975
78304
51027
79181
50919
78333
79286
78090
80292
78610
80391
50937
79186
79012
77983
80317
50985
78325
77967
77618
50959
79183
78157
80118
50890
78545
80225
51014
77994
78204
79638
50933
79146
79494
82334
51052
50915
51140
51083
79529
51183
77498
78711
80846
78367
80578
51145
80152
51249
80281
50905
50889
77761
80449
78187
50906
50951
50948
50912
51032
50905
50933
51226
51281
77454
50905
50981
50981
78112
80056
79218
77956
80231
78219
79959
78215
50948
79835
51048
51003
50969
51013
50990
50990
50960
51138
50989
52424
50949
50930
78613
51131
79368
51003
79650
80563
79626
51043
79900
78391
80627
51058
50906
50972
79999
50980
51066
79846
78562
80138
51974
51668
51210
51016
51035
50926
51279
79607
50940
50927
80277
51019
50969
79813
53850
50954
50975
51078
50943
50893
80197
51021
50911
79987
50893
78222
80316
79372
50996
80287
51504
79833
78522
50986
77686
65633
50896
50910
79707
51046
50889
80006
80285
50875
50938
50899
70954
50887
50893
50933
50919
50981
50907
50932
50925
78658
77177
50932
50905
50931
50928
50922
50928
51554
50933
80450
50957
50929
50976
50893
50981
50920
51109
50900
51055
50899
51024
77699
80423
50915
50981
73014
81612
78628
50934
50904
50941
50892
51301
50935
50995
50916
50938
50909
50976
50903
50958
50920
51097
50928
51063
50914
50922
50909
50945
50894
50909
50904
51112
50912
51019
50910
50927
50904
50937
50898
50961
50920
50941
50921
50911
50918
50912
50909
50927
50899
50949
80106
80701
50909
50903
50900
50899
50890
50902
50983
50895
50957
50907
50996
51110
50964
50909
50940
50912
73093
50897
50905
50894
50899
50893
50894
50891
50963
50984
80233
50918
50927
50952
80142
50893
50888
51131
50907
70113
77492
73652
50903
50900
50922
51018
50897
52711
50980
50915
50941
50928
50954
80261
51706
50907
50900
50900
50946
50933
50906
50882
50896
50901
50908
50888
50920
50904
50908
50891
50899
50888
50898
50894
50904
79788
78342
80666
50896
50894
80665
51036
80427
50905
80372
51053
50901
81991
50991
50894
50986
78873
50893
80298
50886
50927
50992
72940
61492
50903
50919
50890
80084
50889
50883
51435
50923
50896
50897
50893
79179
50898
80931
51195
50903
50888
50892
51291
50908
50902
50903
50893
50893
50902
50905
79972
78473
50895
80612
50882
50899
50891
81994
79871
51519
50960
51895
51078
51090
51261
50975
50940
50926
50912
50921
50894
50900
50923
51137
51099
50961
50919
50920
51121
50946
50939
50917
50929
51021
50925
50938
50940
50918
50897
50914
50906
50907
50929
80361
78682
50931
79645
78201
50947
50895
80231
50898
50913
80371
50930
50894
80461
50934
79557
80312
50895
79078
80321
50888
50932
50970
77640
50904
50906
50901
50896
50896
50897
50906
50918
50926
80735
50895
50897
50904
51128
79347
78230
50918
50920
50907
50906
50904
50891
50913
50897
50950
50891
50918
79550
80395
50908
50919
50885
50885
82064
81404
79576
50905
50912
50900
50891
51036
51997
50884
51033
50881
80808
50904
80486
50904
51424
50943
50925
50903
50904
50915
50962
50905
50905
51209
73410
79905
50908
50900
50882
50881
80373
79287
80022
79082
50909
50902
51001
50906
50909
51807
50937
79962
50913
50889
50896
50939
80902
50895
77574
80436
50890
50903
50890
80236
78970
50966
50930
51238
50913
78904
50893
80191
50902
51423
80680
79450
79908
79555
50910
50907
51299
50919
50911
52815
50909
51926
51224
79151
80271
81250
80076
50903
50956
50888
50893
77762
80261
50922
78674
50903
50926
50906
51012
50894
50902
51928
50944
50906
50905
50905
50896
50996
50904
91365
52218
71961
50920
50964
50961
50940
50928
50910
50946
50941
50904
80786
50904
79743
50895
50895
50881
50999
50905
50905
50893
50895
50898
51624
51232
50902
51647
51022
50939
50904
50991
80521
50989
50900
50879
52102
50891
50893
50898
50880
50888
80437
78181
81058
75505
80655
50915
50898
50914
50906
50953
50910
51134
80572
78889
50916
80550
77488
50897
51516
79074
50914
50893
80279
78641
80360
51323
79925
50894
50901
50908
50882
80043
77998
51249
50924
50908
50927
50905
50911
50949
50946
50896
50899
79488
79885
51072
50929
50896
50892
50913
50895
51411
50896
50938
50914
50909
50902
50898
50909
50895
50892
79308
80228
50906
50895
50894
79259
79887
50906
79512
80622
50902
50896
50901
50908
50955
51836
77026
50914
50931
50959
50888
50893
50911
50891
51205
50901
50892
50937
50939
50912
50898
50900
50901
50904
51186
50900
51237
52881
50939
50890
50891
51108
50903
51464
80176
80115
79246
50893
50951
80926
52597
55255
50939
50898
50917
79948
50916
50895
50897
50920
80211
50914
50915
50913
50929
50919
50901
50897
50903
50908
50896
50908
50886
50893
50889
50907
50896
50902
50911
50907
50966
51061
50897
50895
50891
50879
50894
50913
80096
50892
50903
51000
50914
51015
50913
50913
51830
50935
79920
50916
50899
50921
79973
78991
80159
65592
80652
50894
50893
50920
50890
50902
51575
80504
50949
77955
50940
50922
50900
50899
50936
51321
50902
51069
77736
78136
50901
50904
50904
51138
50910
77684
50898
50905
50909
50899
79215
51113
72505
50917
50911
50897
50901
50901
50899
50908
50892
51143
50891
50923
80551
50900
50894
80259
50923
51045
77604
80215
50946
50939
80327
50898
50898
51268
79822
51370
50898
50944
80118
50909
50889
51292
79933
50914
50915
50905
50901
50918
80265
50885
51467
79732
50947
50907
50932
50904
50894
80203
51286
94301
76787
73382
77561
79660
50923
79794
50881
78589
79753
78822
79982
79144
80094
50956
51027
80552
51257
51060
50913
51263
50903
50901
77478
78783
79701
78849
51324
80037
50899
50894
80075
78524
50890
80265
78750
50893
80188
50899
50902
50936
77634
80688
79743
80610
79486
78215
50931
79763
78956
80334
79283
80006
78987
50896
79731
77868
50905
50905
50908
80180
77992
81369
50976
50901
50926
50896
50897
50904
50898
50892
50899
51004
50888
50889
50886
50892
50887
50909
50890
50911
50943
51009
50897
50902
50891
50912
50886
50899
50888
50897
51298
50917
51518
50937
51380
50899
50908
50895
50919
50963
50982
50950
50938
50903
50914
50900
50934
77801
80804
50909
50898
79904
78868
79999
50900
50951
51252
50917
50964
50925
50965
50905
50944
50892
50919
81012
50900
51233
50908
50948
50924
51023
50892
50898
51706
76936
50935
79822
