6122
6071
6081
6066
6102
6067
6078
6105
6091
6067
6094
6098
6063
6065
6108
6077
6083
6180
6095
6090
6079
6110
6096
6121
6082
6128
6091
6127
6090
6078
6075
6077
6089
6109
6072
6068
6081
6069
6079
6071
6103
6068
6069
6066
6074
6070
6107
6065
6069
6062
6062
6182
6188
6072
6065
6181
6105
6083
6078
6192
6087
6086
6173
6097
6104
6117
6107
6080
6136
6086
6111
6107
6068
6328
6106
6073
6086
6078
6076
6077
6077
6077
6069
6070
6069
6092
6070
6065
6100
6066
6080
6119
6079
6078
6117
6138
6120
6121
6081
6126
6104
6093
6113
6070
6074
6110
6073
6070
6067
6075
6067
6126
6068
6066
6119
6507
6074
6066
6094
6067
6080
6064
6063
6125
6079
6103
6112
6077
6114
6097
6092
6116
6103
6078
6098
6080
6091
6078
6098
6099
6076
6074
6070
6074
6070
6097
6065
6066
6064
6066
6076
6091
6063
6065
6064
6068
6088
6077
6262
6137
6115
6546
6096
6085
6073
6204
6069
6079
6090
6120
6085
6147
6078
6092
6107
6079
6105
6070
6078
6239
6074
6070
6070
6065
6072
6087
6071
6076
6074
6082
6188
6111
6130
6111
6108
6141
6079
6112
6079
6206
6086
6121
6102
6078
6079
6429
6091
6077
6180
6083
6074
6084
6100
6073
6094
6107
6078
6080
6081
6074
6111
6076
6076
6073
6069
6074
6072
6118
6106
6082
6075
6081
6093
6083
6122
6092
6087
6127
6142
6103
6080
6090
6077
6100
6074
6076
6075
6073
6107
6072
6071
6066
6065
6066
6105
6083
6118
6124
6079
6210
6080
6120
6084
6091
6077
6121
6078
6110
6080
6150
6073
6111
6109
6070
6067
6291
6298
6123
6079
6074
6072
6079
6087
6074
6102
6075
6130
6074
6075
6260
6110
6257
6136
6089
6082
6112
6116
6105
6084
6088
6129
6136
6121
6114
6074
6248
6075
6073
6073
6229
6107
6073
6097
6069
6068
6067
6081
6124
6080
6118
6118
6123
6304
6085
6086
6112
6102
6090
6076
6119
6072
6076
6077
6122
6067
6214
6070
6112
6100
6068
6115
6085
6195
6115
6112
6073
6104
6075
6112
6096
6072
6071
6072
6121
6066
6065
6068
6073
6059
6062
6071
6116
6078
6077
6072
6115
6075
6105
6075
6106
6131
6071
6071
6068
6069
6070
6106
6083
6074
6066
6098
6077
6096
6107
6075
6110
6080
6120
6111
6103
6313
6080
6096
6094
6072
6098
6073
6070
6072
6069
6068
6068
6109
6071
6069
6066
6068
6067
6062
6080
6130
6351
6213
6102
6132
6079
6108
6095
6114
6110
6111
6074
6115
6090
6074
6069
6072
6106
6072
6107
6073
6068
6106
6069
6111
6110
6074
6106
6066
6088
6068
6108
6121
6324
6110
6080
6086
6118
6107
6085
6144
6081
6104
6087
6394
6090
6132
6098
6078
6111
6079
6088
6071
6113
6151
6112
6073
6086
6071
6099
6152
6086
6109
6076
6128
6192
6094
6142
6081
6098
6116
6137
6103
6083
6091
6082
6116
6079
6072
6084
6077
6075
6082
6070
6101
6107
6064
6074
6064
6121
6095
6113
6126
6090
6122
6117
6075
6112
6075
6093
6267
6075
6101
6070
6073
6074
6070
6074
6389
6073
6073
6077
6074
6070
6117
6105
6066
6104
6067
6080
6107
6121
6086
6081
6118
6106
6093
6129
6086
6081
6120
6142
6071
6119
6116
6081
6212
6069
6102
6123
6068
6094
6091
6104
6059
6103
6171
6263
6084
6134
6083
6118
6298
6106
6123
6151
6107
6108
6086
6127
6112
6180
6072
6071
6082
6111
6073
6085
6098
6115
6093
6724
6076
6074
6075
6075
6073
6146
6070
6212
6145
6106
6075
6075
6104
6098
6084
6064
6115
6097
6080
6081
6108
6109
6086
6077
6112
6077
6149
6077
6075
6066
6071
6069
6071
6098
6071
6094
6069
6089
6118
6085
6082
6091
6152
6085
6084
6129
6111
6115
6069
6073
6072
6070
6068
6071
6067
6068
6086
6074
6072
6132
6079
6090
6079
6088
6075
6097
6077
6076
6078
6073
6085
6073
6067
6073
6070
6064
6072
6065
6069
6198
6064
6069
6082
6074
6079
6110
6078
6103
6079
6100
6133
6117
6071
6070
6073
6070
6071
6298
6062
6072
6075
6068
6065
6069
6063
6082
6079
6076
6086
6088
6122
6089
6102
6084
6116
6134
6127
6074
6076
6228
6073
6071
6068
6068
6067
6097
6064
6068
6113
6082
6076
6107
6138
6081
6120
6082
6097
6072
6068
6072
6295
6073
6113
6138
6071
6100
6469
6073
6068
6108
6082
6072
6112
6098
6095
6086
6087
6086
6126
6087
6070
6075
6082
6242
6074
6073
6074
6076
6095
6066
6087
6110
6123
6085
6074
6108
6076
6075
6101
6119
6080
6066
6070
6069
6065
6069
6067
6066
6073
6100
6113
6104
6090
6106
6159
6086
6131
6107
6088
6106
6110
6075
6074
6064
6076
6070
6069
6079
6065
6116
6107
6094
6077
6105
6076
6138
6081
6121
6114
6130
6193
6080
6086
6174
6085
6093
6126
6083
6113
6077
6072
6082
6208
6080
6312
6352
6086
6142
6081
6082
6075
6102
6071
6080
6070
6069
6111
6078
6142
6068
6108
6143
6129
6116
6213
6085
6077
6079
6073
6111
6085
6076
6094
6088
6088
6118
6162
6083
6092
6129
6103
6120
6075
6074
6115
6071
6077
6070
6069
6073
6106
6091
6094
6064
6108
6063
6074
6110
6076
6108
6097
6120
6113
6072
6089
6084
6116
6082
6150
6131
6303
6111
6139
6078
6124
6087
6110
6094
6130
6112
6112
6075
6112
6071
6069
6316
6137
6096
6147
6145
6292
6140
6179
6134
6089
6117
6101
6077
6075
6075
6081
6113
6132
6116
6105
6145
6176
6099
6125
6162
6106
6121
6098
6069
6103
6105
6114
6123
6113
6120
6087
6120
6081
6083
6134
6107
6080
6104
6103
6088
6116
6089
6098
6115
6078
6142
6074
6075
6076
6064
6070
6124
6072
6100
6091
6112
6084
6119
6082
6102
6101
6101
6227
6109
6108
6114
6127
6080
6127
6085
6114
6121
6080
6098
6077
6074
6071
6090
6072
6090
6074
6070
6069
6100
6079
6098
6074
6100
6091
6070
6078
6069
6068
6070
6087
6067
6105
6068
