16659
16624
16626
16626
16642
16648
16655
16630
16640
16622
16651
16646
16760
16825
16643
16641
16617
16700
16625
16641
16637
16643
16658
16623
16646
16671
16782
16637
16649
16636
16770
16739
16635
16619
17251
16631
16621
16638
16631
16777
16646
16627
16659
16648
16653
16724
16936
16750
16638
16624
16641
16617
16648
16633
16794
16648
16630
16646
16657
16775
16648
16656
16643
16652
16658
16654
16656
16947
16633
16616
16643
16627
16656
16620
16659
16668
16645
16630
16632
16654
16629
16633
16629
16675
16647
16673
16619
16617
16658
16674
16639
16620
16646
16627
16665
16642
16647
16622
16638
16653
16981
16629
16668
16625
16624
16632
16628
16699
16634
16678
16674
16708
16771
16674
16681
16629
16678
16675
16659
16613
16620
16617
16623
16647
16642
16647
16704
17734
16635
16680
16684
16622
16648
16657
16650
16679
16610
16678
16726
16829
16670
16669
16663
16627
16728
16653
16949
16667
16642
16654
16660
16612
16679
16665
17008
16624
16629
16615
16650
16632
16642
16650
16621
16642
16647
16641
16632
16661
16617
16647
16661
16626
16656
16659
16649
16632
16638
16647
16646
16640
16907
17113
16631
16632
16640
16662
16645
16653
16671
16653
16704
16638
16704
16653
16618
16847
16634
16638
16642
16634
16808
16814
16703
16690
16637
16649
16808
17500
16765
16653
16651
16667
16635
16750
16930
16626
16630
16652
16682
16677
16613
16639
16657
16625
16636
16643
16624
16624
16641
16643
16620
16614
16631
16637
17040
16628
16657
16644
16646
16636
16665
16619
16625
16618
16648
16650
16634
16644
16666
16625
16621
16638
16605
16637
16617
16697
16657
16668
16647
16738
16622
16828
16758
16618
16651
16646
16626
16627
16714
16622
16638
16611
16667
16659
16650
16632
16642
16624
16656
16642
16607
16635
16608
16627
16644
16649
16653
16706
16811
16692
16638
16694
16643
16641
16671
16629
16633
16702
16698
16654
16675
16673
16652
16682
16686
16619
16643
16628
16678
16631
16642
16622
16640
16628
16624
16625
16629
16694
16646
16755
16686
16643
16595
9191
16635
16606
16638
16636
16676
16637
16624
16623
16629
16634
16656
16635
16623
16622
16633
16624
16633
16608
16819
16660
16616
16647
16645
16623
16626
16615
16643
16645
16683
16617
16630
16653
16675
16631
16616
16694
16605
16681
16634
16660
16632
16611
16727
16613
16650
16829
16638
16621
16633
16625
16622
16618
16628
16611
16615
16646
16617
16683
16637
16642
16616
16620
16633
16638
16609
16617
16652
16637
16663
16629
16611
16628
16972
16632
16625
16633
16622
16640
16622
16635
16615
16640
16623
16621
16662
16653
16620
16645
16646
16641
16633
16644
16651
16643
16640
16649
16648
16624
16629
17457
16617
16668
16616
16612
16622
16635
16652
16639
16645
16618
16656
16658
16625
16612
16616
16627
16635
16625
16628
16732
16626
16626
16649
16648
16616
16650
16908
16824
16634
16647
16633
16654
16640
16672
16656
16662
16639
16656
16645
16613
16619
16624
17828
16628
16631
16680
16616
16638
16613
16612
16687
16635
16619
17047
16657
16617
16623
16610
16632
16641
16640
16629
16647
16611
16756
17298
16620
16652
16790
16687
16786
16660
16742
16643
16642
16622
16654
16631
16665
16617
16620
16736
16673
16647
16608
16619
16646
16659
16620
16634
16653
16624
16791
16646
16621
16635
16642
16628
16620
16735
16648
16642
16656
16650
17637
16614
16617
16633
16625
16744
16625
16616
16612
16630
16621
16663
16635
16644
16679
16789
16631
16627
16619
16643
16628
16641
16821
16620
16649
16629
16640
16651
16614
17131
16644
16638
16616
16682
16622
17335
16649
16657
16635
16604
16632
16636
16665
16609
16634
16635
16637
16611
16958
16766
16648
16652
16628
16637
16636
16611
16825
16626
16611
16657
16630
16622
16727
16633
16630
16648
16632
16623
16630
16640
16732
16637
16623
16641
16646
16629
16771
16616
16679
16635
16627
16614
16627
17004
16638
16643
16623
16662
16636
16625
16623
16623
16635
16637
16633
16632
16636
16649
16643
16652
16647
16630
16686
16644
16630
16634
16632
16645
16641
16642
16924
16627
16632
16630
16612
16618
16639
16613
16652
16611
16608
16625
16606
16627
16615
16634
16627
16610
16603
16636
16750
16633
16618
16642
16673
16638
16622
16648
16633
16657
16625
16609
16641
16612
16707
16631
16609
16604
16613
16660
16634
16608
16608
16635
16613
16624
16621
16614
16628
16634
16622
16630
16684
16605
17059
16627
16634
16642
16616
16603
16633
16659
16669
16631
16626
16647
16650
16653
16630
16621
16637
16643
16619
16652
16629
16620
16628
16632
16606
16611
16634
16985
16668
16629
16636
16635
16639
16633
16650
16649
16627
16625
16636
16636
16635
16638
16628
16624
18510
16623
16618
16716
16667
16626
16622
16635
16607
16659
16670
16643
16643
16688
16669
16620
16615
16612
16624
16633
16611
16618
16645
16695
16644
16602
16642
16619
16610
16641
16677
16633
16631
16633
16650
16627
16653
17223
16636
16702
16610
16624
16616
16643
16656
16660
16666
16633
16632
16637
16622
16630
16614
16631
16609
16614
16606
16611
16642
16620
16620
16622
16634
16614
16991
16673
16616
16620
16667
16679
16683
16666
16615
16630
16631
16631
16641
16626
16623
16624
16624
16639
16642
16651
16759
16619
16650
16658
16660
16620
16931
16978
16635
16608
9215
17114
6601
17542
6601
17085
6603
17170
6625
16845
6609
16997
16643
16657
6613
6598
6606
6606
9927
6637
17192
6604
6601
6601
6613
6604
6607
6608
6774
16890
6603
6619
6626
17119
6641
17175
6625
17001
16965
16627
16655
16717
16643
16617
16661
16641
16655
16655
16630
16676
16657
16641
16623
16707
16657
16650
16660
16630
16667
16633
16643
16631
16619
16619
16615
17250
16623
16613
16652
16623
16681
16643
16614
16669
16632
16626
16630
16643
16626
16632
16642
16637
16635
16621
16656
16636
16635
16712
16654
16657
16697
16636
16623
16627
16667
16622
16642
16636
16627
16631
16653
16624
16645
16620
16641
16654
16623
16632
16681
16648
16632
16634
16612
16686
16641
16638
16674
16651
16729
16627
16708
16620
16691
16624
16605
16704
16621
16694
16620
16658
16641
16643
16613
16632
16676
16650
16632
16618
16650
16630
16676
16649
16670
16623
16625
16645
16619
16651
16773
16626
16617
16648
16620
16645
16607
16656
16659
16607
16683
16645
16662
16632
16673
16619
16636
16643
16630
16613
16679
16634
