23834
24138
23829
23893
23833
23903
23824
24042
23876
23876
23819
23835
23834
23828
23866
23899
23863
23839
24170
24697
24012
24098
24744
23857
24204
23917
23833
23825
23852
23864
23819
23841
23855
23828
23844
23849
23846
23854
23883
23868
24373
23843
23850
23868
23826
23902
23858
23837
23852
23861
23860
23836
23841
23822
23844
23896
23834
23895
23891
24734
23811
23849
23886
23862
23987
23869
23882
23843
23885
23879
23854
24154
24155
23853
23939
23858
23872
23844
23932
23816
23869
23914
23930
23853
23871
23848
23918
23882
23881
23904
23890
23843
23873
23923
23895
23867
23821
23896
24260
23821
23875
23880
23897
24031
23904
23855
23873
24031
23865
23882
23913
23834
23875
23949
23839
23880
23829
24140
23843
23883
23885
23844
23933
23883
23841
23896
23864
23869
23873
23867
23874
23860
23829
23836
23875
23872
23829
23885
23854
23835
23848
20497
24173
24652
9476
24499
9481
24188
23822
23926
23934
23881
23872
23841
23854
23859
23886
24349
23876
23839
23856
23865
23869
23859
23817
23878
23875
23835
23864
23860
23907
23830
24572
23883
26826
26676
23852
23837
23878
23873
29018
24158
29065
23881
23905
23867
23861
23870
23854
23869
23861
23888
23945
23920
23827
24393
23904
24056
23862
23903
23949
23919
23880
23954
23923
23939
23875
23854
23887
23828
23880
23844
23846
23858
24184
23843
23887
23836
23895
23817
23904
23834
23901
23984
23845
23857
24159
23990
24203
23831
23953
23866
23904
23859
23831
23854
23943
23823
23917
23880
23817
23884
23823
23852
23846
23846
23886
23829
23826
23863
23849
23855
23822
23914
23864
23833
23887
23981
23888
23842
23836
23916
23870
23858
23829
23886
23829
23887
23814
23835
23837
23849
24344
24405
23877
23959
24194
23938
23858
23986
23943
23898
23871
23849
23832
23907
23854
23879
23874
23914
23900
23846
23852
23916
23863
23904
23880
23891
24041
23959
23867
23869
23858
23968
23899
23928
23845
23902
23832
23828
24155
23992
23939
23836
23895
23877
23896
23847
23885
23825
23833
23907
23867
23880
23901
23954
23861
23854
23856
23890
24078
23892
23903
23852
23840
23854
23878
23830
23937
23812
23844
23862
23841
23944
23870
23886
23871
23866
23854
24143
23852
23897
23864
23864
23943
23839
23856
23865
23901
23857
23842
23829
23839
23868
23942
23890
23847
23998
23828
23983
23859
23884
23857
23865
23853
23865
23829
23894
23825
23873
23834
23855
23826
23992
23868
23885
23907
23853
25083
23856
23884
23876
23855
23873
23864
23841
23891
23824
23868
23905
23894
23845
23975
23909
23919
23860
23823
24347
23887
23866
23850
23914
23842
23852
23863
23850
23972
23852
23825
23881
23867
23854
23967
23834
24292
23849
24296
23839
23954
23833
23930
23826
23888
23890
23882
23830
23965
23875
23867
23874
23834
23966
23870
23857
23815
23875
24267
23900
23828
23835
23867
23882
23841
23859
23894
23908
23824
23848
23861
23918
23877
23931
23873
24343
23880
24172
23898
23897
23915
24265
23903
23908
23923
23934
23930
23883
23895
23886
23815
23871
23883
23867
23832
23872
23873
24493
23962
23843
23838
23891
23839
23826
23908
24010
23991
23875
23900
23847
23921
23815
23889
23821
23961
23840
24904
23874
23956
23837
23900
23839
23881
23824
23925
23887
23868
23885
23836
23841
23840
23970
23890
23874
23849
25031
23844
23860
23842
23882
23836
23896
23822
23891
23834
23881
23817
23892
23845
23841
23967
23888
23841
23844
23875
23897
23855
23891
23871
23858
23896
23860
23844
23971
23830
23894
23897
23886
23880
23843
23879
23858
23845
23845
23862
23877
23851
23846
23856
23834
23849
23853
23877
23857
23854
23846
23857
23869
23853
23847
24061
23855
23854
24191
23873
23843
23837
23840
23838
23858
23842
23904
23865
23864
23859
23877
23872
23852
24361
24184
23983
24232
23893
23905
23940
23911
23903
23916
23875
23876
23910
23877
23864
23865
23942
23889
23901
23905
23857
23884
24082
23986
23869
23889
23963
23904
23899
23962
23881
24024
23902
23897
23939
23868
23907
23851
23866
23849
23839
23873
23858
24007
23878
23879
23884
23883
23965
23878
23899
23937
23870
23883
23896
23883
23862
23865
23908
24590
23882
23868
24238
23853
23851
23895
23877
23898
23838
23937
23892
24022
23919
23863
23922
23887
23875
23877
23894
23871
23877
25003
23822
23854
23853
23860
23852
23855
23851
23849
23876
23829
23861
23858
23827
23853
23839
23875
23841
23830
23917
23880
23877
23851
24172
23887
23843
23853
23843
23929
23841
23873
23846
23852
23856
23849
23847
23800
23857
23841
24316
23841
23858
23851
23846
23848
23855
23836
24170
23891
23854
23871
23862
23868
23885
23841
23863
23858
23862
24340
23847
23859
23849
23831
24707
23877
23855
23850
23816
23874
23833
23896
23928
23913
23948
23878
23856
23849
24081
23858
23880
23865
23850
23895
23834
23865
23889
24015
23858
23900
23866
23866
23843
23884
23891
23836
23875
24318
24155
23873
23860
23852
23875
23918
23908
23912
23940
23874
23984
23846
23879
23863
23881
25345
23908
23851
23919
23952
23882
23855
23869
23881
23870
23854
23870
23892
23828
23862
23835
23853
23847
23851
23961
23828
23940
23846
24504
23850
23880
23839
23865
23959
23862
23854
23859
23871
23849
23858
23869
23868
23863
23846
24198
23844
23879
23975
23837
23875
23853
23889
23829
23868
23876
23887
23858
23858
23826
23836
23849
23879
23869
23881
23871
23850
23912
26638
23877
23899
23876
23882
23853
23848
23866
23864
23950
24599
23843
23815
23852
23866
23842
23823
23886
23842
23975
23861
23840
23835
23860
23862
23832
23872
23895
23880
23854
23866
23878
23857
23861
23853
23846
23885
23821
23951
23925
23872
23832
23926
23860
23888
23853
23841
23872
23859
23882
23885
23949
23839
23940
23837
23863
23868
25085
23833
23849
24014
23859
23838
23848
23852
23887
23866
23855
23860
23859
23857
23854
23985
23856
23894
23836
24746
23943
23864
23875
23876
23944
23889
23954
23862
23860
23832
23843
23839
23842
23858
23868
23897
23891
23899
24147
24107
23931
23912
23882
23844
23842
23872
23855
23901
23878
23865
23888
23869
23866
23847
24021
23849
23856
23841
24253
23854
23855
23845
23849
23843
23846
23865
23844
23870
23872
23862
23994
23852
23850
23863
24188
23824
23890
25020
23918
23865
23854
23882
23859
23872
23856
23891
24014
23870
23880
24549
23955
24243
