15029
14859
15166
15137
15365
15157
15119
15067
15005
14852
14957
7395
14869
14896
14944
14919
15057
15559
14913
15435
15129
14946
14924
15157
14850
14879
14885
14932
14946
14908
14878
14871
15042
14878
14970
15139
15421
14996
14861
15287
15043
14907
14905
15275
14914
14854
14945
15294
14895
14901
14870
15150
14883
14852
14954
15008
14936
14896
14913
15142
15066
14947
14880
15064
15467
14929
14885
14878
15128
14878
14879
14848
14976
14926
14894
14957
15004
14877
14900
14898
14927
14888
14915
14981
14989
14868
14918
14897
15007
15093
14878
14875
14898
14964
14886
14856
14862
14998
14899
14870
