19014
37864
45863
19342
38290
46639
20201
18972
45718
45720
18919
19867
19200
18866
18877
18864
18872
18870
18875
18863
18875
18875
18873
18869
18860
19731
18873
18878
18874
18876
18876
18870
18875
18870
18881
18875
18872
18872
18878
18860
18877
18876
18876
18866
18882
18877
18871
18871
18871
18881
18869
18872
18871
18877
18875
18875
18871
18872
19061
18877
18867
18861
18859
18870
18866
18880
18874
18868
18872
18872
18872
18875
18876
18877
18862
18882
18876
18875
18873
18877
18874
18868
18870
18880
18875
18874
18871
18872
18869
18869
18868
47399
44914
46684
18882
18918
18873
18876
18869
18874
18863
18892
49484
47331
46160
18872
18869
18871
18872
18873
18868
18874
18882
19093
19031
47163
18867
18884
19193
18891
18880
18866
18875
26284
