41703
41197
41788
40846
68171
40956
46505
41516
41370
41390
40729
41430
41633
40612
40689
40614
40612
55336
40608
40614
68965
40617
40614
57166
68132
40612
55325
68347
69236
40610
40659
68867
40621
40609
40615
40625
55324
40612
40605
40611
54322
68391
56147
40632
40607
68469
55003
40615
40611
69054
55320
57106
70656
67986
69103
68954
69465
70006
41049
40739
40635
64294
40629
67651
69359
68953
70341
69423
70447
71544
67915
55366
40607
56679
55323
70714
53085
69418
55320
40616
40616
70913
53091
70358
69167
69348
70280
68918
40683
40736
40632
40732
40629
40634
40625
71041
69967
55475
40617
40611
55335
55345
40615
40612
40605
40620
69787
55345
40619
40610
40635
40604
40870
42081
41086
41047
41102
41128
67115
69161
41290
41178
41226
67205
