34109
13602
13632
13161
14762
13261
32250
32269
32233
13627
12875
13132
12973
32358
32373
32417
32358
32337
32336
32341
32331
32349
32353
32349
32360
32346
32343
32334
32340
32369
32422
32350
32347
32352
32329
32353
32367
32347
32346
32350
32346
32335
32349
32336
32370
32344
32335
32334
32347
32339
32343
32346
32348
32349
32339
32344
32349
32330
32312
32359
32348
32346
32321
32314
14022
12835
12839
12842
12852
12851
12842
12875
12852
12856
12842
12849
12850
12853
12840
12856
16758
36374
36391
32140
32139
32123
32144
32117
32143
32133
37166
37611
33214
32346
32346
32391
32337
32344
32350
32363
32677
32356
32346
32374
32345
32337
32345
32346
32339
32348
32332
32345
32349
16164
32396
32381
32485
32347
32260
36580
32141
12925
12954
35097
