8221
8246
8303
8231
8249
8234
8272
8232
8236
8497
8251
8241
8294
8298
8274
8257
8439
8255
8241
8271
8275
8268
8462
8397
8268
8229
8404
8236
8244
8255
8458
8370
8239
8257
8245
8229
8400
8266
8308
8239
8330
8238
8258
8261
8395
8241
8429
8233
8252
8272
8238
8299
4960
8266
8272
8299
4959
8231
8229
8497
8276
8314
8420
8281
8244
8242
8293
4897
8236
3401
8265
8242
8294
8238
8478
8281
8310
8235
8229
10382
8276
8517
8293
8257
8298
10092
8275
8349
8508
8447
8488
8427
8545
8245
8252
8436
8232
8246
8388
8298
