23799
24535
51972
52936
24513
24242
23541
49324
46049
26380
23947
23864
24282
23543
23546
55083
51915
23541
23534
23553
23545
23546
23547
23546
54787
52222
23549
23560
23543
23542
23547
23535
52983
23537
23541
23531
23548
23539
23543
23552
23531
23544
23541
23542
23541
23550
23540
23546
23544
23562
23534
23549
23545
23582
23547
23544
23548
23543
23702
23568
23558
23550
23598
23552
23544
23547
23538
23542
23551
23544
23544
23548
23551
23544
23547
23545
23539
23554
23654
23549
23545
23545
23537
23548
23545
53978
44744
23565
23698
25172
23549
23553
47091
35326
54266
54489
23542
23548
23550
23543
23547
23662
23558
23542
23535
23544
23563
23585
23552
23545
23547
23545
23544
23633
23538
23547
23801
23883
23872
23852
23881
23830
23909
51244
