98769
58821
85773
59352
59396
58808
58084
58266
58130
60042
58624
58435
58090
57941
57932
58203
57942
57950
57976
57933
57949
58791
57985
57942
57953
57939
57949
57965
86471
86432
57945
57948
57942
57933
57930
57954
57956
57960
86760
57994
58040
57992
58069
60231
59499
58129
58051
57987
58038
57973
57988
58025
57960
57984
57987
57982
57974
58023
58100
57970
58199
57993
58047
58017
57988
58004
60259
58018
57966
57981
57978
57962
57997
57969
58025
57979
58185
57998
57992
57981
58035
57980
57992
57986
57994
57997
57979
57975
57982
57995
58005
58007
58089
58453
57980
58007
58009
57991
57975
58011
58055
58216
57995
57985
86754
57978
87780
87757
85709
57986
57964
57967
57982
87368
86979
82884
60118
60411
61887
58600
58706
58624
88142
86292
