624
624
633
624
647
646
624
1615
652
1596
1594
625
625
624
626
629
624
624
624
624
624
624
626
631
624
624
625
623
624
623
1780
624
623
624
624
624
626
625
665
623
624
630
624
624
625
625
624
624
624
624
625
624
638
624
623
663
624
624
624
624
624
624
625
630
624
623
675
623
627
623
624
624
624
624
630
624
624
1765
624
624
624
630
623
624
624
624
625
623
623
630
624
627
676
624
624
1763
666
626
623
624
625
624
624
624
624
624
624
660
623
624
630
624
624
625
633
625
644
631
624
624
624
624
625
624
