21222
21226
47648
29228
49293
21171
50425
21195
21286
49981
21138
21143
21163
21156
21177
21152
21142
21144
50749
21210
21164
49218
21140
21145
21223
21201
24850
52817
31779
30510
29476
29459
29474
29487
29496
29495
54026
21142
21176
47171
21144
21173
21197
21154
21156
21167
49890
21176
21147
21546
21142
21151
21149
21152
21145
37302
48918
21142
21163
21146
21135
21142
21144
21144
21150
21203
21151
21160
21409
21162
21177
48752
21138
21165
21148
21145
21185
21146
21138
21146
49776
21170
21134
21136
21133
21155
21194
49313
21138
21166
21159
21146
21153
21148
21156
21151
21149
21168
21151
21143
