14912
37564
34178
36855
22015
37180
37161
37204
37125
37118
37100
37117
37240
37108
37204
37083
37046
37077
37094
37175
37076
37051
37134
20552
20639
44070
22261
25753
36872
14715
14706
24752
37172
37420
37521
37411
37146
37067
37072
37230
37073
37102
37088
37057
37087
37076
37046
37139
37097
37120
37077
37080
37118
37105
37070
37068
37121
37095
37060
37081
37179
38362
41703
20526
44098
14851
14722
14738
14727
14733
22086
22086
22103
19149
20523
20534
20521
30629
37101
37070
37084
37068
37428
37075
37090
37067
37083
37062
37065
37181
37182
37140
37048
37104
37078
37224
37240
37068
37072
37148
