34979
56239
35078
62038
57506
46773
36224
37209
60998
36927
35215
60901
34659
34406
34413
34414
62902
49462
34408
34404
34405
34416
34415
34402
34405
34482
34434
34413
34424
34426
63640
49136
34429
34423
63121
63172
62148
62606
63746
62659
34494
34452
34412
34460
34475
34447
34431
34905
34492
46386
34488
34409
34631
34405
47948
34419
34498
34397
34400
34403
34411
34420
34410
63978
62037
34422
34717
34422
34409
34448
34416
34424
34406
34422
34401
34404
34416
34399
34404
34401
34417
57820
34415
63092
47003
53840
34405
34405
34419
35723
63076
34424
34449
34408
63228
34414
34419
34407
34413
45946
34412
34407
34432
34411
34421
63036
34424
34515
34443
62207
62011
61791
34414
34902
34884
59884
61559
34438
34416
34778
35247
34767
34917
58199
