56120
57623
67140
79633
56970
58008
83752
57947
76008
79825
55737
57194
55304
54578
54597
54573
54641
54589
54598
54593
54673
54638
54638
82894
83201
83999
54692
83405
54634
54607
54593
54622
54590
54571
54582
82496
54599
54588
54582
54587
54586
54570
54589
54591
54588
54575
54586
54590
54578
54584
54609
54577
54570
54588
81306
54581
54577
54590
54611
54571
54572
84198
54592
54597
54608
54613
54603
84249
83058
54579
54571
54583
54571
54573
54578
54584
54576
54570
54588
54589
54574
54577
54582
54579
54601
54600
54614
54600
54614
54606
54587
54597
54590
54616
73285
54559
54575
54575
54574
54574
54593
81521
54586
54589
54601
54574
54578
54582
54656
68700
54584
54580
82500
58931
70018
82624
83551
54766
55326
82955
77680
55648
67965
83559
