95501
97812
98017
97869
70608
70677
98210
98688
99545
99326
99546
99303
97679
97289
97512
99805
98528
92207
70676
99527
93318
70324
98842
98549
97524
99331
70292
98887
70923
100515
95540
71273
97305
92692
70101
99178
70194
98820
71047
70990
101218
99487
100729
72227
100524
70213
70255
70288
98638
70134
70170
70271
70113
98453
89122
99112
101012
100191
99058
70587
97255
98458
71249
98453
98810
72875
70375
90056
101024
70529
70413
71237
98542
97773
99763
70310
99057
100588
70768
70976
97744
70154
94765
70191
70308
98171
70420
99716
92026
98990
70355
70226
100691
97794
98113
96743
70285
98614
100875
99453
