7943
7965
7934
8172
7965
7991
8017
8045
7965
7936
20040
19776
12179
19777
19719
19722
19711
19681
19719
19715
19694
19700
19728
19739
19720
19727
19713
19721
19715
19694
21884
19729
19731
19722
19693
19718
19712
19701
19715
19697
19716
19702
19717
19705
19825
20120
19686
19680
19709
19716
19682
19718
19723
19702
19711
19676
19708
19712
19711
19703
19702
19709
19690
19698
19716
19706
19704
19723
19762
19708
19704
19706
19702
20698
19734
19733
19695
19684
19710
19734
19722
19715
19705
19696
19742
19712
19707
19719
19687
19741
19714
19693
19696
19745
19735
19749
19706
19714
19712
19707
19707
19739
19725
19783
19731
19721
19714
19718
19718
19718
19725
19719
19755
8104
8108
22281
22240
7874
20038
8293
7922
22187
7836
19720
