51006
51558
74050
73624
50738
51564
52222
77958
50487
75736
51371
51787
51098
50502
50511
50505
50514
50504
50498
50509
50499
50561
50506
50521
50998
50521
50565
50579
50499
50499
50542
50520
50498
50503
50503
50485
50499
50504
50510
50485
50523
50508
50985
80131
76706
50493
50476
79554
50701
50672
50738
50489
50527
50482
50475
50507
50484
50475
50488
50496
50480
50542
50482
50478
50520
50480
50472
50468
50693
50485
50525
50835
53215
50515
51209
50484
50486
50495
50482
50471
50493
50485
50491
50484
50540
50494
50641
79840
79427
50493
50494
50488
50474
50491
50486
50479
50486
50486
50504
50479
50481
50483
50492
50480
50492
50516
50474
50462
50484
50484
50488
50583
50487
51519
53808
78507
50588
78856
52002
51367
53418
53033
52371
78598
