121042
124110
93957
124388
94649
124433
124280
121337
119348
118323
122469
121609
93915
93934
94034
93759
94990
93622
121528
93675
93608
93545
122051
94205
94265
93652
93589
93724
120354
122888
120878
121273
94128
94203
120016
123010
94431
121739
93825
93960
94020
94422
121191
93831
93644
93689
94171
93762
93645
93952
93787
121021
122780
122437
94422
120115
93861
93644
122320
122887
121403
94107
120841
121023
94385
93557
93597
93548
121727
102103
93694
121671
93939
93569
120792
122207
122349
122731
122551
115418
123606
121008
118462
124587
93485
93541
113816
122117
121947
124813
120865
120499
120772
121194
121750
122815
122294
120453
123240
122229
