54129
74730
52293
51819
51630
52013
52801
78352
79564
77025
51002
82724
55544
50890
77884
50888
80607
50886
79940
50900
50888
50954
50889
50918
50902
50937
80965
50888
80058
66368
50902
50914
50896
50895
50884
50899
50887
79493
78608
50900
50985
50931
79395
80397
50895
50894
50892
50894
50898
50911
80589
80957
50914
78855
50897
50902
80843
80241
50923
50927
50923
51960
50916
50901
50916
50890
50911
50901
50958
80310
78922
50897
50896
79261
50918
51095
50955
50952
50899
50906
50923
50913
50903
50920
50911
50908
50900
50917
50918
50931
50893
50910
50898
50918
50916
50918
50907
50907
50917
50904
50934
50912
50903
50911
50902
50910
50900
50912
50917
50906
79382
80515
50920
51083
51078
51355
51783
51839
51689
51961
90485
79493
51716
62314
