66585
71216
95527
90174
66669
68337
94335
66671
66653
67612
66995
66792
66814
66906
67300
66721
70284
79207
94795
67815
67223
92481
66579
66667
95875
93972
66736
98682
66731
66703
90146
92071
90292
94044
70944
95793
95336
96479
88444
67308
72346
95351
67995
77432
95116
93881
93749
66593
66650
82307
66848
94760
94268
103683
67450
94058
95122
89335
89294
95929
70504
71115
96564
96156
96177
67036
67263
95420
71828
90815
94575
93696
93722
67585
97272
85437
94815
95665
72593
72846
96118
96741
94268
94166
94802
72602
92504
94059
67738
94960
82031
94121
94287
95065
96542
94089
96245
93910
101172
85186
