36683
37111
39388
37902
36744
36925
36714
36905
36653
36835
36513
36748
36793
41132
20222
20309
20239
20244
20311
20226
20307
20386
20320
20251
20264
36923
20229
20253
20229
41198
40547
37055
36628
36702
36545
36620
36648
36737
36664
36744
36631
36637
36631
36594
36634
36591
36627
36623
36552
36598
36799
36966
36800
36866
36676
37021
36748
36979
36759
36603
36856
36699
36804
36590
36667
36678
34687
41208
36897
40658
14526
14541
14559
14745
36338
37653
41166
41171
14559
14599
14548
36489
36634
40637
41354
41404
20237
20214
20387
20232
32736
40447
36600
36625
36653
36576
36689
37084
36678
33338
