11361
28046
11223
27976
11150
27849
11100
27894
11181
27851
27938
11162
27866
12008
11161
27942
28009
27844
27766
11985
28230
28044
27987
27773
27865
28103
27885
27834
27775
27939
11209
27803
11701
27857
11294
28017
27795
27852
11411
11214
27794
11148
28138
11213
27848
11553
27854
11377
28159
11179
28031
11231
28096
11165
27809
11543
28674
27835
11530
27842
11162
27837
11228
27885
11104
12230
11119
27900
12059
11254
28566
11127
27869
11172
27993
11138
28899
11277
31469
31736
31607
31496
29569
28170
28098
28327
28111
28027
28168
28097
28155
28007
28098
28080
28000
28139
28098
28267
28017
27999
