96624
95546
93958
94074
96542
94252
95396
93979
93124
65924
97854
93122
93791
92643
92746
93615
97657
93454
94347
94424
93405
94041
66026
93418
66556
66276
93652
93279
94498
92633
66270
93176
93621
65930
94106
93259
95106
94531
94082
93080
95522
93866
93835
99277
95727
94564
93591
93426
94174
91510
96640
95440
90632
95929
93986
96064
95736
66061
66113
80253
66889
93718
65958
65948
65942
65965
65907
97285
94605
66350
95930
95911
66681
94065
66125
66034
66419
95639
95773
66126
66057
97139
66376
93605
92788
92968
92822
93454
66375
100387
94354
94796
93818
93569
66324
66468
92919
95972
93709
93613
