6811
6631
6702
6690
6645
6928
6672
6698
6693
6675
6643
6679
6633
7082
6669
6723
6637
6631
6660
6644
6671
6740
6679
6812
6751
6660
6644
6667
6664
6838
6624
6640
6638
6661
6722
6655
6669
6668
6623
6666
6644
6642
6746
6776
6630
6639
6649
6680
6632
6669
6729
6633
6692
6643
6690
6674
6716
6645
6627
2380
7188
6002
2340
7244
3264
2349
3326
6016
2572
7371
7410
7221
2337
2340
3348
5931
2336
7180
7221
7205
7579
2351
3282
2339
7194
7229
7532
7184
7183
7169
7227
6781
6666
6649
6625
6620
6647
6641
6705
6785
