94099
120343
97038
120933
121514
123406
92945
94587
94459
117237
119918
94585
94486
121926
121373
120793
122489
122351
121817
121072
120983
121243
120452
121136
120831
120993
123329
124014
119804
93056
121903
121573
121173
121065
121182
121472
120985
120956
121391
121691
121244
120536
121264
121533
121359
120884
94090
92927
120519
120857
121494
121475
121428
121373
120672
121089
121312
121543
120974
121119
121244
121313
92923
92895
120492
113893
120861
109606
121401
102294
121738
120944
121232
121347
121455
121325
121200
121066
121290
92889
122186
121396
121389
121284
121109
121007
92880
92884
99140
92893
121626
92874
120026
107614
121762
121648
118319
121811
121242
121092
121186
121415
121502
92906
92897
120517
121168
120885
120929
121055
121475
121561
120721
120215
122047
115440
94553
94065
94117
94280
94529
95036
94860
121688
