105776
106631
105992
105937
105201
105664
106969
121490
105571
127470
133325
133279
112369
133927
103572
103551
131669
129826
103597
103586
103582
131935
103552
103574
131226
103596
103636
103553
132197
132162
103585
132219
132634
132632
103583
132303
103557
103629
103695
132405
132732
103551
103615
103696
103571
132391
133126
131017
103719
131707
103578
103580
103559
132579
103566
103580
103593
103574
132402
133133
132206
131962
130830
132286
132365
103564
132380
132594
129949
103634
103602
103604
103588
103632
103579
103627
103651
103598
132386
105678
103585
104514
103629
103658
103582
103639
103676
103773
103749
103573
103587
108108
132540
131886
132096
132608
103547
103536
103564
103828
103575
103562
133227
104720
103645
103731
103644
103683
103690
103632
103728
103652
103670
104712
105207
119022
104489
127306
104897
131270
112847
104013
131588
103569
