70055
60946
41462
71188
40451
70877
68183
70932
40959
69034
61191
40475
40452
69217
68056
68216
64205
68325
62177
68509
68924
49006
40588
68969
67294
40727
40657
40599
67162
41132
40337
53067
40333
42713
40422
71487
40283
59476
41269
41596
41232
70807
69356
66792
40635
67127
55653
68133
68693
70750
70032
73175
54999
40541
66977
68784
74927
71043
71000
72841
71557
51686
67108
40537
40258
69079
40443
71095
40722
40482
41899
40722
41069
67010
68361
40400
68816
56573
42912
41226
40469
40289
40622
68247
40270
40625
40307
69937
65440
67201
40555
62377
40297
41207
40729
40706
41934
58499
67112
40352
