76269
47916
47609
47551
47767
47710
47521
47574
76189
47444
74163
48225
48425
46961
46937
46972
46981
47022
46952
46947
46946
46940
46963
46953
46942
46951
46955
46943
47017
46946
46951
46963
46966
46977
46944
46973
77886
73201
46950
46958
47151
47110
46945
46946
47048
46954
47290
78212
77737
47066
47005
75162
46962
78344
75092
46952
75838
76663
47124
46956
46946
46948
46957
46950
47060
46960
46939
46953
47012
46957
46942
47159
46973
46955
47063
46979
46975
46945
46980
77884
73406
46962
46958
46975
46992
47024
46969
46978
46965
46956
46966
46970
46959
46956
46955
46967
46975
46969
46954
46961
46963
46998
47094
46968
46991
46963
46979
46967
46981
46960
46976
46962
46969
54644
48430
70044
47869
51591
47747
47238
74363
47202
77300
75912
