35994
35876
35878
35888
35896
35866
35938
35872
35915
35874
36047
36088
35874
36170
35932
36194
36226
36177
36036
36535
36224
13026
35822
36008
35851
35984
35887
36174
35815
36057
35939
35899
35948
35878
36047
35949
35993
35961
36465
36134
36285
36074
35942
35944
36051
35891
35958
36011
35882
35935
36062
35884
35900
36352
17731
17797
17673
17895
17723
17696
17764
17699
17758
17699
18065
17735
17755
17717
18019
17764
17696
17761
13259
38872
38693
35714
17650
17657
17676
17703
17694
17676
12661
31950
17735
38921
38936
33372
31942
31870
31850
31968
31932
31940
32044
31923
32053
31878
32037
31858
