55714
31577
31542
60852
31555
60650
31615
60779
31789
31811
31618
31907
32229
31733
31725
31620
31585
31743
58842
31913
31863
31686
32799
39982
58979
59439
31536
57549
31725
31681
31701
31586
55443
31572
31804
31535
52113
31520
31534
31507
31537
31619
31523
31554
31541
31512
31527
31499
31531
31812
31800
31513
31554
60029
31523
31802
31498
31549
31511
33414
61339
31564
31568
31572
31747
31543
58255
60193
40950
31701
31750
31811
31681
31750
31591
31744
31536
31578
31537
31842
31730
32031
31667
31936
31834
31833
31710
31780
51545
59657
32059
31797
31835
31651
31808
31682
31709
31564
32372
60753
