28722
28549
28974
28582
46190
57089
28542
28475
57687
57465
29179
28749
28446
43642
39601
39603
56905
55041
54474
58983
59188
45460
53436
28423
55954
41862
57626
28774
56070
58284
56411
57617
55053
54988
58037
58806
56629
31075
28562
55974
49874
57090
41778
62821
56164
28495
56139
46737
60294
59650
49142
28581
44047
56409
39675
58373
55538
55031
56144
56334
28464
55350
58026
56269
56885
55903
58765
56883
56746
57774
57566
28436
55832
54253
30537
56070
59975
43191
28731
28775
28858
28443
55513
60902
49114
28760
28581
28818
28685
28674
28820
28521
28989
28533
28663
28686
28478
28807
28763
28639
