106293
79040
79066
106990
78955
78963
78882
78923
107762
107024
96432
110008
107593
103410
79308
79490
106538
107967
106219
107478
106379
109030
107395
107130
106632
107944
107478
107421
106510
105677
104876
107805
78878
79315
107663
79665
107609
78875
107431
106047
105757
79285
107266
107196
111995
106926
105505
107844
109942
108528
107140
106157
106907
106232
105354
108856
78898
108256
107041
79220
102811
116844
108520
108429
98884
109731
107191
79129
107990
106076
107785
108655
106003
108802
78912
105551
108288
112115
106003
107770
79550
105976
106921
106420
107723
106263
105399
79556
106411
107992
106397
105806
107739
106088
79667
106947
79154
107292
106550
79061
