42444
25498
25394
45112
16803
17292
16932
42351
25341
25366
16793
16960
16806
42141
42167
42148
42152
42140
42128
42133
42128
42142
42136
42177
42148
42156
42150
42178
42161
42185
42141
42138
42162
42146
42146
42125
42151
42168
42142
42177
42149
42204
42153
42162
42160
42155
42118
42163
42137
46565
16729
16735
16745
16741
16747
16740
16743
16740
16737
16742
16741
16739
16732
16733
16735
17016
16756
16734
16746
16742
16732
16767
44633
36669
16735
16753
16730
16732
16750
16741
41851
41879
41881
41870
41886
41870
46072
16744
16740
16734
16744
16736
16741
16735
16738
16740
16747
16732
16738
16731
16747
16742
16749
16747
16749
16748
16737
16746
16940
16747
16751
16742
16748
16928
16932
16946
16948
16893
16901
17058
16920
16943
16905
42987
