55738
82954
54281
54348
77371
58580
63233
56024
56567
56894
55009
54998
83712
54151
54153
54152
54142
54165
54167
54150
54143
54147
54139
54166
84301
83165
54185
54191
54178
54173
54168
54185
54187
54263
83719
79347
81927
54178
54171
54431
54174
54202
54219
54144
54163
54343
54140
54156
54142
54169
54148
54161
54155
54160
54177
54159
54143
54401
54154
54184
54185
54157
54376
54207
54147
54190
54147
54391
57931
54179
54163
54174
54212
54162
54158
54367
54234
54211
54192
54146
54157
54190
54153
54165
54232
54161
54156
54156
54163
54160
54364
54419
54144
54352
54150
54181
54185
54148
54187
54385
54419
59613
54173
54170
54161
54140
54194
54153
54155
54150
54148
54166
54153
57492
58770
82088
82638
71430
54329
54137
56554
55251
59333
83335
