20928
20971
46562
20954
20923
20897
20898
48761
20919
21319
20979
20963
21225
20999
44002
20886
20890
20979
45544
20920
49054
20967
20968
20900
48880
20888
21024
21033
49934
20879
20914
49983
20994
21225
21387
20903
21478
21013
20910
21017
47921
21052
21192
48869
48857
50583
46773
20887
20897
20900
42396
21600
20936
42663
20929
20909
20934
49159
21052
21107
20989
20977
21233
21014
21180
21200
21089
20949
21224
20960
20945
21102
21022
20944
20983
28567
20889
20959
48702
21021
20941
21096
20902
48705
21179
20998
20919
20896
49288
20895
48989
49759
20914
20901
25757
29108
29129
29116
29104
29147
