62960
44187
44368
74389
67332
44192
44438
44188
44203
44110
44478
44626
72263
43583
43567
43614
43589
43564
43594
43613
43553
73071
43541
43550
43541
43537
43544
43540
43584
73875
71838
43548
43574
43533
43538
43536
43544
43565
43545
43527
44886
43564
43529
43623
43537
43565
43548
43537
43555
43554
43559
43800
43546
43532
43542
72951
43534
69782
43535
43559
43535
43538
43539
43542
43551
43563
43540
43538
43526
43541
43606
43579
43537
43531
43541
43537
43567
43537
43547
43529
43538
43581
43608
43541
43539
43538
43544
43564
43562
43545
43522
43546
43539
43565
43599
44072
43542
43537
43527
43535
43566
43541
43533
43535
43554
43533
43598
43542
43528
43536
43550
43560
43582
43763
72485
45193
73037
45505
43801
44742
60344
44178
44266
72314
