102517
74557
103678
105464
103893
104085
103276
102313
75168
91857
101492
101419
101578
102973
90727
100947
102632
103265
102225
104226
101348
96701
102905
102139
101059
102952
101941
101991
103685
102526
103768
101874
101299
101220
91269
103324
103786
103013
102010
103719
101724
101848
101299
101385
103676
101558
101610
104185
101763
104529
102022
101347
98888
104663
100506
74619
103110
102655
101803
102010
74710
100980
74910
103006
102118
103947
101886
101617
74769
74776
101333
102787
101140
101103
74699
101314
109626
103362
101370
103950
78554
101458
103448
74670
74638
74526
74643
74659
74691
74743
74718
74550
74682
74715
74633
74639
103659
74668
74660
74554
