2422
2421
2415
2408
2408
2419
2448
2416
2414
2408
2413
2419
2502
2415
2415
2413
2525
2497
2504
2492
2441
2423
2408
2496
2504
2422
2464
2427
2409
2409
2411
2435
2490
2415
2407
2413
2407
2415
2415
2439
2412
2408
2407
2441
2416
6904
2424
2452
2437
2420
2408
2407
2416
2445
6884
2416
2427
2507
2407
2478
2378
6853
6854
2389
6836
6868
6920
6843
6870
7067
7033
6842
6897
6032
6832
7033
7026
6929
6852
6855
6038
6843
6906
6879
6845
6947
6837
6878
6879
6944
6829
6624
6072
6116
6079
6085
6119
6067
6072
6073
