55077
48528
54276
25794
54204
55769
56719
53409
25828
25892
50626
58848
56217
54208
53221
54228
54203
25923
25839
26124
25820
25825
32069
54599
25782
54913
26037
26066
25791
53377
25791
25874
25789
25796
52637
25877
25828
54802
25809
25960
55492
54048
26256
25842
25871
26258
55523
44486
36126
36015
36086
57486
54680
54687
25865
25812
25782
25916
48683
48881
26120
25882
25789
25830
51363
53833
26539
27073
52922
25798
25830
54482
25955
25811
48265
25776
26075
25822
52379
25787
25848
26359
25798
53011
54192
25842
25845
27689
25887
54516
26046
25798
54878
25831
25825
53083
36163
58799
26124
25888
