64125
37703
37110
38828
61636
65057
37558
63599
37671
37795
62790
66692
38247
37193
38163
66372
37468
37659
37517
37121
37348
67156
37094
64249
37104
37099
37110
37117
37108
37103
37098
37106
37110
37135
37100
37114
37107
37105
37104
66598
37097
37113
37107
39099
66482
66093
37114
37106
37138
45113
40364
39261
37116
37116
63843
37230
51721
37131
37109
37106
37099
37102
37169
37123
37119
37115
37137
37124
37112
37144
37118
37151
37116
37116
37110
37179
37117
37118
37116
37111
37117
37125
37124
37416
37524
41295
65825
37124
37135
37131
37135
37380
63122
37092
37201
37125
37114
37110
37108
37112
37112
37170
37120
37110
37116
37103
37101
37195
37111
37110
37105
37114
37106
37490
37850
37611
37633
39407
38053
38751
38813
38791
37659
64233
