58958
72479
58744
59530
85133
88111
90102
59040
86448
89313
88365
91304
59577
58689
86415
59004
88447
83424
59586
58482
58596
58416
58450
58552
58684
84908
87580
58465
58433
58641
58849
58746
58694
58449
58418
58860
58626
58548
58641
85962
58523
85342
58616
58726
58641
87599
58901
58944
58635
58646
85769
85735
58748
58426
87483
58980
58980
58851
88184
59120
58981
58695
87562
59055
58877
85653
58860
58715
58688
58666
58694
87086
58417
58461
58685
58701
58871
58689
58544
58513
58478
58635
58580
58481
58678
58477
58500
58925
58705
58742
58758
58818
58602
58663
58571
58732
58914
58604
58410
86945
