9492
9372
9436
9476
9394
9445
9658
9462
9482
23855
23765
22162
9390
23631
23450
23464
23441
23463
23469
23472
23501
23481
23443
23446
23449
23449
23448
23445
23517
23433
23448
23461
23789
23469
23460
23476
23516
23437
23441
23446
23495
23453
23453
23479
23470
23462
23451
23466
23447
23441
23468
23470
23477
23478
23417
23417
23427
23435
23434
23407
23449
23447
23457
23414
23430
23444
23462
23474
23432
23474
23437
23454
23431
23448
23452
23451
23459
23437
23447
23442
23464
23494
23460
23440
23422
23430
23467
23463
23429
23460
23412
23532
23450
23407
23460
23457
23431
23443
23451
23483
23480
23507
23458
23422
23420
23456
23537
23440
23424
23464
23461
23703
23457
9338
26356
9368
9834
26429
26558
9451
9401
9977
26590
23478
