19256
46360
22113
19071
18928
18933
45754
45827
18784
26931
28314
19513
19135
18649
18652
18651
18658
18645
18657
18645
18646
18645
18644
48491
46369
18643
18718
18658
18650
18643
18647
18638
18650
18638
18640
18645
18642
18653
18667
48083
46272
18665
18650
18649
18648
18647
18649
18670
18646
18678
18647
18645
18633
18639
18643
18650
18648
18643
18648
18692
18650
18652
18644
18645
18643
18646
18651
18661
18645
18668
18646
18633
49764
49160
18632
18649
18648
18644
18660
18653
18653
18645
19011
18657
18649
18655
18658
18647
18646
18655
18631
18653
18647
18637
18647
18649
18651
18640
18628
18640
18658
18643
18651
18670
18656
18653
18650
18648
18650
18653
18645
18643
18652
46443
43913
18792
49412
22461
46648
44221
18855
18808
18804
46960
