4081
4078
4756
4075
4132
4110
1639
1682
1679
4071
4232
1693
4079
1626
1665
1626
1629
1655
1624
1630
1627
1626
1648
1626
1632
1632
1626
1654
1627
1626
1631
1627
1632
1626
1626
1640
1627
1626
1632
1627
1630
1626
1627
1678
1627
1625
1640
1625
1632
1625
4079
4077
4071
4078
4078
4092
4086
4077
4133
4080
4081
4092
4226
4077
4088
4122
4086
4095
4076
4101
4094
4073
4130
4118
4103
4105
4102
4105
4103
4105
4105
4105
4146
4184
4106
4099
4105
4107
4107
4102
4104
4139
4102
4107
4105
4104
4103
4101
4140
4145
4103
4109
4108
4104
4100
4104
4143
4103
4104
4131
4106
4138
4266
1672
4687
4665
1707
1738
4641
1681
4640
4615
1626
4103
