119432
109145
105477
105183
104229
130606
103806
103608
135335
135899
105981
131609
103525
103179
103504
103300
132752
103823
132105
129637
128439
103212
131160
103680
103696
103798
132172
133531
103492
104625
129263
129996
104089
103984
103778
103677
103211
130690
103634
103842
103676
104288
103551
104372
105691
104020
103716
103967
103595
103615
135635
134614
127150
104823
131940
105394
122057
104201
129150
105066
103141
103277
130301
103583
103260
103155
103351
103589
103181
103674
103301
103481
103414
103569
103179
132060
103321
103114
103372
103294
129773
129489
103305
103047
103123
103566
131388
130340
131501
112240
132450
103476
103476
103878
130531
103929
104080
103309
103813
103369
