612
611
619
1672
612
686
612
1686
612
1686
590
590
897
591
1489
1477
1476
1476
1489
1476
1477
1475
1492
1489
1477
1477
1486
1476
1477
1477
1485
1486
1486
1486
1498
1486
1486
1539
1500
1486
1486
1485
1554
1486
1486
1486
1498
1486
1485
1485
1557
1486
1486
1486
1498
1486
1486
1485
1567
1486
1486
1486
1498
1486
1486
1485
1560
1487
1487
1486
1495
1486
1487
1486
1545
1486
1487
1486
1498
1486
1485
1486
1498
1485
1486
1548
1514
1487
1486
1485
1498
1486
1487
1577
1499
1486
1486
1487
1495
1486
1486
1486
1498
1486
1486
1487
1501
1486
1486
1485
1563
1485
1486
1476
1476
1476
590
635
591
1485
886
1476
606
590
