84125
112583
112727
111480
98568
104330
111921
110794
111763
83570
112157
112648
110493
111944
110437
111666
84229
111450
112259
113419
113448
84451
84533
85878
83586
85928
99040
110749
112793
112660
83645
83808
83930
83658
84146
111447
112331
112995
111983
110774
112908
114382
83629
112150
106843
111461
83466
83491
83448
120396
112111
113285
84074
111735
113415
112446
113534
115535
111749
83508
83503
83632
112748
110889
112071
83872
109928
111266
112175
110447
112187
112965
90391
112907
83980
112285
112537
112588
111619
104965
112377
83827
111679
83557
114651
84484
84452
94189
83845
112139
84047
111938
112646
83791
112199
113083
112459
83501
112392
110135
