32540
32300
32620
32005
31789
31854
61729
50492
31956
32600
31199
56823
60195
57244
31186
31189
58558
60468
31246
31189
31208
31197
31192
31186
31203
31218
31194
31187
31180
31194
31191
31193
31205
31190
61120
61952
31220
31239
31192
31191
31185
31181
31192
31192
31198
31213
31196
31198
31196
31199
31189
31233
62108
62239
31182
34481
61794
31185
31224
59806
31188
31189
63085
55765
31283
31187
31195
33633
58753
31180
60539
45908
31178
31183
31176
31186
31174
31183
31168
31178
31183
31185
60339
31175
31181
31175
31179
31183
60758
59069
31182
37373
58544
60637
58965
60607
58742
60495
31244
60531
59501
31234
58294
60825
31240
31186
31185
31182
58688
60411
59929
59321
31211
31821
32758
59441
59132
32185
32218
31684
32706
60312
31882
60694
