10124
9888
9945
10071
10055
9769
9732
9748
9797
10288
9616
9735
9534
23880
23857
23859
24018
23855
23874
23816
23843
23860
23858
23910
23817
23830
23855
23824
23849
23842
23814
23855
23805
23854
23926
23847
23859
23809
23817
23833
23819
23817
23820
23849
23861
23875
23841
23848
23859
23875
23874
23922
23866
23889
23851
23824
23800
23839
23853
23857
23881
23809
23853
23817
23852
23838
23849
23815
23842
23822
23845
23881
23876
23843
23810
23847
23815
23817
23834
23847
23842
23821
23825
23818
23819
23805
23819
23830
23839
23826
23842
23893
23849
23844
23812
23854
23820
23820
23809
23840
23854
23815
23824
23825
23828
23820
23828
23816
23829
24490
23828
23868
23853
26920
14354
9518
27224
9536
9555
9604
9573
9586
9588
29090
