49316
49102
49228
75732
51167
51243
70532
69787
50244
92270
47600
48749
48688
47332
47333
47325
47331
47366
76333
75177
77046
47374
74474
76061
47398
76203
47334
76718
47511
48032
75835
47372
73882
77820
77464
47436
75213
47411
47345
47344
47345
47348
47342
47334
47338
47348
47342
47340
47553
47343
47353
47340
47351
47336
47342
47343
47351
47355
47442
76991
47431
76332
47365
78679
47340
77591
47345
69975
76430
47351
47340
47336
47339
47341
47374
47353
47337
47348
47351
47330
73908
47344
47353
47347
47353
47342
47327
47348
47339
47339
47339
48529
47339
47355
47326
76684
47362
47332
47340
47328
47337
47336
47326
47344
47340
47339
47334
47331
47340
47339
47337
47350
47343
47329
47677
57503
47461
47447
47526
47448
47506
47510
47461
51728
