100583
126442
101406
99898
100032
102509
101251
125615
98998
128173
126294
117298
100186
98472
98468
98437
129173
127397
98460
98468
98551
98476
98490
98599
98512
98477
98462
127328
98452
98480
98431
98483
98457
98499
98436
98456
128260
98453
127249
98458
126131
98444
98481
98471
98456
127778
98455
98479
98454
98477
98452
127874
98480
98471
98447
98537
98452
98444
98452
98445
98454
98447
98450
98497
98433
98437
98431
98462
127924
98455
98580
125777
127417
98688
98543
98606
98713
98455
98449
98447
98453
98447
98452
98459
127289
98447
128933
98444
98430
98448
98436
98455
98452
98436
98440
98433
98442
98496
98438
98450
98455
98443
98508
98431
98432
98429
98439
98445
98440
98462
98456
98436
98446
126489
99379
127030
99784
127922
100270
127477
102084
131048
100263
127916
