9157
9027
9049
9093
9064
9422
9020
9008
9016
9179
9026
9033
9043
9244
9043
9014
9069
9022
9010
9011
9019
9032
9212
9099
9040
9040
9026
9007
9040
9055
9015
9024
9014
9068
9012
9163
9007
9011
9003
9393
9274
9009
9053
9013
9022
9000
9209
9006
9221
9229
9017
9006
9061
9043
9057
9021
9016
9043
9054
9046
9034
9273
8992
9034
9051
9053
9101
9196
9069
9243
9017
9039
9018
9040
9132
9064
9186
9008
9043
9095
9237
9040
9039
9066
9196
9013
9040
9291
9004
9068
9342
9034
9005
9236
9145
3186
9014
9007
9017
9063
