26978
50779
49565
27873
26773
26541
51750
26894
27724
32320
26348
26496
26728
26065
26066
26070
26086
26065
26060
26067
26065
26062
26066
26068
56262
55352
26067
26064
26060
26056
26076
26068
26061
26056
26131
26050
26088
26071
26067
26066
26063
26059
26067
26070
26079
26060
26060
26063
26090
26069
26064
26063
26063
26062
26068
26068
26081
26070
26080
26058
26066
26081
26065
26078
26066
26062
26076
26079
26079
26076
26060
26069
26065
27377
26088
26079
26066
26062
26060
26069
26069
26068
26063
26063
26084
26068
26068
26108
26064
26060
26063
26071
26061
26093
26069
26068
26095
26079
56494
26059
26072
26500
26064
26079
49530
26076
26064
26071
26067
26068
26066
26076
26068
26395
26439
26375
26392
26400
26428
26402
26371
26397
26420
37420
