8344
8144
20021
19991
20011
20040
12815
11979
11977
11984
9091
8113
24454
24775
7989
24524
8034
7983
8031
8031
10458
24519
12078
24470
12290
24481
24451
24485
12075
24471
24445
24524
22858
25428
22996
20917
20827
22658
22561
20419
7986
23069
22924
11115
20608
20134
22795
8037
8073
22630
22667
22981
22841
22941
20404
20497
20886
20504
20712
20151
20366
20150
20347
19969
20009
20178
20089
20160
20291
20744
21792
20239
20280
8828
8842
20222
20126
7985
20457
12729
12217
12102
12121
12255
7975
20442
8536
8002
20800
19991
20204
19959
20004
20024
20116
20357
20611
20123
7989
7985
