52468
38816
39039
63178
40239
39532
39423
38784
64948
38501
37874
38051
37935
37486
37453
37468
37450
37449
37445
37448
37471
37518
37696
65022
65675
65505
66430
64674
65767
65345
65600
66346
65384
65750
65286
66769
66735
66257
66045
52159
52162
37464
65193
52156
37448
65762
64950
37484
37441
37442
37454
37448
37441
37442
37477
37462
67815
66748
56798
64630
65477
65605
37445
52163
37444
37437
37445
37436
37452
37445
37444
37435
37454
66423
37444
37447
52168
37447
65327
65303
52158
52168
37636
37439
37439
65024
37441
51823
37446
37445
37439
37445
37442
37460
37440
37434
37449
37445
37443
37446
37443
51505
37440
37451
37446
37445
37441
37445
37433
37450
48325
52168
37428
37765
42446
64121
37810
37814
37823
37767
38056
37768
45031
63038
