11013
31449
31114
31464
31131
31037
31002
31051
33504
28027
24861
31347
32457
27435
30947
32588
34560
15205
33829
34848
27817
11811
33520
31827
27604
27511
27782
35071
23802
31729
31237
28486
30939
28045
27802
28181
11177
10911
28149
27579
27446
12076
29144
28789
11397
11138
32059
31032
31245
31046
31396
30948
31069
30996
31865
30970
31114
30976
31223
30997
31038
30982
27454
30977
32268
31122
30899
31038
30960
27615
31551
31048
30919
30968
32222
12104
31953
28403
15190
15498
15268
15220
15298
15308
33526
33578
15210
15380
33518
33305
31053
30937
30902
31098
30946
30973
30911
12901
12040
30974
