92343
62459
62575
62450
62542
62702
62655
62945
62480
62832
62845
92320
64490
62701
90447
64702
62716
78301
91273
62709
62669
62880
62635
62463
89221
62895
89533
91439
63024
89339
89766
64425
63525
63404
63204
64928
63081
62931
62919
91120
62672
74737
63480
63836
63952
62658
82387
91460
90304
91224
90744
89539
92640
91373
90307
93702
68237
80884
63490
77815
91324
68577
74926
83425
63842
63863
90159
69208
66534
89685
62736
89058
80023
63510
63023
64810
90512
89212
62823
89887
88016
90009
87516
88792
90440
66888
91804
90666
89846
89810
62561
81138
90600
89516
89486
85970
77687
87878
62936
89056
