16741
16702
16786
16795
16724
41473
25139
24980
16766
16780
16555
17253
43024
41644
41569
43096
23040
23124
23045
23047
23025
23021
23023
23031
23003
23099
23031
23019
23033
23019
23025
23020
23010
23079
23030
23016
23109
23033
23021
23010
23011
23046
23026
22996
23034
23046
23502
23014
23023
23015
23040
23041
23026
23008
23021
23014
23114
23026
23037
23018
23011
23008
23013
23016
23091
23002
23085
23038
23024
23026
23034
23026
23004
23017
23031
23012
23055
23032
47458
16563
16515
16532
16521
16515
16518
16515
16520
16517
16524
17157
16519
16518
16508
16509
16525
16530
16522
16524
16524
16510
16529
16517
16541
16524
16516
16508
44248
16512
16513
16534
16524
16533
16523
16892
16746
16854
16708
16654
16936
16768
18713
44701
42064
41595
