82690
108252
103661
109650
80634
80766
81100
108549
81132
107504
81001
80990
81528
79368
79353
79375
79349
79654
79377
79360
79349
79392
79348
79398
79385
79374
79357
79387
79362
79365
79401
79384
79373
79376
79376
79360
79376
108368
108827
79359
79343
108528
79375
108676
79380
79350
79357
79369
79348
108967
108245
79350
79358
79380
97201
84860
79368
79370
79356
79911
110155
107667
79377
79362
79364
79360
79390
79363
79365
79368
79361
79364
79367
79362
79366
79365
79364
79368
79345
79362
79371
79360
79355
79352
79353
79365
79406
79361
79361
79373
79365
79561
79381
79447
79392
79377
79488
79380
79457
79473
79434
79557
79420
79372
79395
79366
79387
79352
79358
79358
79367
79370
79386
80462
107370
80069
108042
80341
104982
81181
110778
80384
110059
94072
