4804
4795
4816
4800
4869
4780
4845
4856
4827
4837
4799
4487
4283
4257
4335
4300
4276
4304
4264
4256
4331
4252
4290
4296
4391
4311
4258
4300
4279
4354
4324
4268
4277
3916
4401
1686
4425
1686
4345
1688
4390
1688
4278
1696
4233
1692
4228
1777
4380
1702
4230
4303
1783
4382
1687
4241
4391
4420
1816
4398
2949
4798
4816
4250
4791
4916
4816
4229
4962
4952
4805
4790
1722
4272
4790
4845
4809
4886
4806
4228
4812
4854
4798
4791
4803
4839
4804
4869
1656
5000
4239
4819
4795
4797
4848
4257
1692
4229
4817
4229
