2625
1165
1051
2623
2637
2623
1052
1095
1045
1051
1085
1081
1125
2641
1044
1051
1044
1050
1044
1064
1044
1050
1091
1074
2970
1044
1043
1045
1049
1044
1096
1044
1050
1044
1050
1044
1050
1044
1073
1044
1044
1045
1043
1045
1045
1044
1045
1043
1043
1049
1044
1082
1044
1048
1042
1050
1044
1043
1044
1044
1082
1044
1044
1044
1044
1044
1050
1044
1086
1045
1048
1044
1075
1044
1055
1044
1044
1044
1044
1045
1044
1045
1043
1078
1044
1049
1044
1078
1044
1049
1044
1073
1044
1044
1044
1044
1044
1044
1044
1044
1050
1044
1049
1044
1078
1045
1050
1045
1085
1043
1044
1044
1045
1095
2964
2975
1051
1072
1060
1152
1113
2968
3079
2646
