71620
99509
71454
91358
71127
71033
97640
96035
71233
100555
71120
101595
71161
72145
104570
97847
98010
98289
71429
97264
70972
100871
99797
71958
102038
71286
104956
99239
99729
70992
102085
99290
99215
96668
97984
101607
100509
100048
101747
102154
100460
71669
98209
97233
100455
71287
100396
99285
98891
70907
71872
99094
100555
70996
99368
103235
99056
71314
99101
97616
71075
71505
70883
99143
99389
71038
71164
70690
70655
70740
70636
98918
71217
70907
70951
70930
70862
70901
71160
71197
70751
71147
97570
105389
71270
79186
70753
70990
71045
99307
97757
99072
97588
70780
97394
70879
70723
70933
70916
70783
