13561
13736
15181
15330
5543
15399
15189
15551
5523
13490
5598
5419
5424
13506
13506
13515
13504
13505
13488
13486
13533
13518
13494
13514
13634
13505
13479
13508
13478
13475
13545
13510
13486
13510
13529
13486
13485
13561
13501
13522
13518
13548
13485
13506
13511
13498
13509
13509
13501
13503
13503
13506
13512
13508
13515
13485
13483
13555
13508
13508
13507
13506
13496
13484
13504
13484
13523
13530
13509
13608
13502
13521
13478
13512
13548
13505
13491
13482
13502
13511
13875
13548
13511
13486
13505
13501
13500
13697
13503
16031
13595
13498
13523
13508
13513
13485
13500
13482
13509
13523
13510
13573
13488
13481
13509
13502
13530
13490
13513
13487
13528
13485
13510
5479
5448
5438
5483
5433
5396
5406
5508
5475
5453
13436
