100400
128021
129625
100872
125599
100430
100657
99619
129345
100837
100959
99029
100254
97850
128171
97878
97882
97866
97865
97923
97915
97948
97911
128089
97854
124975
124814
125000
125740
110538
97841
98310
127232
112606
97882
125704
127099
112909
97861
125077
124671
125294
125012
125090
124895
125520
125184
125337
112433
126291
125862
125547
125177
121587
125509
125519
112213
126289
126724
125967
112570
126289
126728
125896
112552
126868
97836
97842
125207
124982
125066
127404
126744
125824
97877
97951
98031
97949
126181
125618
125396
97970
97929
97934
97933
97926
97895
97894
97938
97915
97912
97960
97943
97918
97911
98084
126378
97897
125752
125241
125272
97873
97938
125236
125174
125877
126302
125569
125989
123814
126600
126794
126573
98942
99835
99927
100685
100325
126854
125886
101055
122651
99080
125878
