32410
32455
32445
32462
49272
53773
51183
23281
23281
25437
50160
23278
52311
23342
23353
49913
23363
23291
23317
23377
23332
23280
53077
23308
52320
23391
23511
23368
23479
51645
23403
23293
23285
23739
23288
23333
23284
23282
46831
53356
23391
23548
23994
42048
23881
50159
23522
23337
50927
23280
47612
51680
23405
23297
53896
23286
53685
49751
52189
23386
50633
23441
23367
23326
48780
52469
53972
53376
24550
24747
24067
23816
23792
23716
23328
35061
23447
23489
23602
51454
32633
53705
41518
51531
52480
23279
23250
23337
46644
32608
32624
32517
55057
51131
23285
53323
51015
50995
36452
53536
