1088
1088
1087
1088
1088
1088
1087
1104
1088
1089
1088
1094
1089
1093
1088
1135
1088
1094
1092
1158
1088
1096
1088
1124
1088
1096
1089
1095
1088
1120
1089
1098
1089
1095
1089
1118
1089
1095
1088
1095
1088
2770
1096
1088
1135
1087
1142
1088
1166
1088
1096
1088
1108
1088
1095
1089
1122
1429
2767
2718
2720
2720
2762
2757
2731
2730
2773
2732
2788
2730
2759
2731
2768
1096
1089
1089
1088
1089
1089
1088
1088
1088
1098
1088
2759
2720
2720
2721
2763
2720
2729
2731
2734
2741
3093
3099
3093
3079
3099
3146
