10555
10441
4223
4200
4193
4439
4241
4318
10389
4453
4292
4335
10707
10467
10567
10430
10496
10444
10499
10478
10440
10467
10439
10443
10465
10468
10441
10458
10436
10468
10487
10473
10479
10473
10458
10500
10469
10471
10471
10474
10459
10443
10755
10468
10471
10497
10475
10450
10477
10472
10474
10476
10450
10483
10453
10480
10475
10474
10447
10454
10432
10443
10482
10455
10458
10483
10439
10467
10475
10465
10470
10445
10467
10462
10469
10482
10450
10475
10453
10471
10438
10457
10451
10432
10449
10438
10460
10433
10459
10440
10452
10481
10446
10479
10467
10460
10448
10484
10459
10472
10464
10465
10469
10445
10478
10435
10453
10436
10438
10456
10460
10463
10432
12119
11961
11796
11835
4309
4432
11802
11778
11771
11851
10472
