10700
10938
10893
10706
10788
10851
10772
11024
10851
10826
10821
10750
10980
10801
10908
10696
10772
10775
11173
10744
10936
10812
10752
10758
11031
10724
10699
10740
10742
10863
10767
10711
10765
10733
10714
10928
10705
10746
10715
10723
10702
10731
10862
10771
10716
10707
10868
10720
10706
10749
10841
10859
11009
10766
10723
10765
10721
10750
10781
10872
10763
10700
10732
10988
10763
10729
10768
10778
10746
10936
10724
10807
10760
10727
10818
10882
10810
10737
10706
11113
10825
10791
10734
10718
10703
10708
5272
10695
5282
10703
10903
10827
11011
10829
10694
10697
10696
10818
10990
10733
