44539
73104
71230
72331
48456
44432
44096
72028
45050
45265
43970
48278
44916
73504
71877
72906
74594
72808
43925
72631
73215
70928
73120
72818
73822
73277
43972
72559
73374
43928
72799
73735
73161
70980
72346
43932
43922
43920
43941
43945
43937
43925
43935
45146
44317
44216
53879
59077
43918
53272
58655
58638
58652
58298
58646
43914
43918
43917
43938
58633
43919
43929
43928
43912
43939
56672
59601
43915
73211
71533
43922
43963
43917
43948
43924
43937
43940
43937
43939
43937
43921
43931
43925
43962
43935
43932
43935
43929
43960
44444
44091
43970
73578
71913
58319
58627
43916
64141
71742
43917
58634
72442
73623
43928
44015
43906
44066
43921
58636
43909
43922
43912
43915
44173
44006
43993
44075
43965
43960
43971
75131
44457
44264
82347
