18356
18456
18397
18412
18432
18525
18341
18326
18600
18379
18389
18565
18343
18357
18499
18598
18590
18453
18489
16812
18334
18334
18587
16753
18544
18427
18486
18442
18574
18853
18515
18383
18362
18454
18368
18428
18377
18415
18401
18453
18398
18380
18503
18468
18528
18594
18647
18515
18473
18442
18597
18505
18509
18579
6483
18363
18695
18544
18431
18354
18588
18394
18351
18352
18404
18355
18340
18393
18395
18359
18623
18734
18563
18568
18372
18482
18362
18367
18656
18362
18364
18485
18786
18332
18388
6664
18480
18363
18395
18336
8823
16190
16177
16209
6472
18365
18383
18493
18335
18366
