88198
88857
91602
92695
62863
90031
90980
90392
91010
61939
89401
91994
90690
85155
61976
61928
61898
92155
84461
90284
91359
92519
92107
92842
91321
62135
91946
87108
61973
89923
85271
62219
62211
62412
91009
62206
62166
62310
87906
62305
90538
61934
62255
61951
61918
61924
61915
61897
62043
90864
90690
90814
89297
90722
89873
92282
81281
87732
88873
94071
92586
88541
88515
88958
89274
94458
92202
88497
61900
89742
91601
90290
90705
89119
90329
89896
89267
89549
89295
88601
92148
90949
88813
93339
63367
90195
90180
91679
91081
89732
61941
92982
92754
91432
90276
89383
88735
89466
89371
89312
