34147
34112
59517
34211
34090
34314
34232
34447
34100
34322
34173
61317
34407
34237
34402
34237
34481
41779
63273
34367
34157
35728
60689
64089
34562
34097
34111
54272
51902
41467
63033
34098
34083
57897
60929
34371
34166
62235
34300
62435
62072
63177
54723
62370
62683
34419
34090
34167
63097
34162
41910
62335
34110
34326
55902
61643
34216
34175
34089
63277
63365
34176
34328
62992
34187
34644
34139
64358
64447
63169
34342
63772
34472
34355
34203
34365
34305
34313
34266
34396
34214
34363
34230
34319
34283
34329
34249
34313
34335
34252
34203
34224
34178
34316
34203
34269
34226
34383
34371
34241
