33491
30686
30762
30317
29525
29730
29162
29586
29410
29389
28780
29939
58111
28807
28756
28760
28733
28713
28726
28721
28719
28726
59516
56985
57483
57829
58265
57406
28790
28761
28787
28736
28875
28719
28744
28726
28729
28728
28730
28725
28741
28744
28731
28733
28723
28732
28723
28801
28737
28739
29077
56642
57406
56378
28765
57499
28735
28772
28802
57456
28726
28770
56808
56859
41803
38527
60273
56758
28837
28729
58777
56406
28737
28750
28719
28715
28720
28707
28714
28717
28721
28738
28716
28718
28726
28729
28727
28731
28712
28722
28716
28720
28719
28730
28716
28728
28712
28721
28718
28708
28721
28719
28728
28719
28706
57810
28711
28706
28718
28710
54461
42840
28720
29097
29185
29127
29320
29126
57604
29039
29108
29092
29173
43153
