6999
6740
16961
16915
16899
6983
6761
16793
6710
6837
6657
6747
6621
16651
16639
16627
16637
16624
16601
16632
16611
16603
16618
16635
16644
16663
16606
16635
16893
16619
16868
16610
16618
16630
16637
16627
16652
16630
16612
16677
16612
16647
16612
16602
16662
16610
16619
16638
16625
16610
16635
16608
16638
16646
16632
16647
16632
16638
16624
16629
16612
16679
16646
16611
16639
16644
16630
16641
16638
16612
16703
16612
16619
16609
16626
16643
16656
16662
16615
16613
16641
16630
16625
16630
16716
16639
16644
16634
16652
16703
16639
16638
16618
16618
16610
16628
16644
16647
16655
16642
16634
16622
16649
16650
16664
16637
16647
16638
16635
16658
16617
16728
16600
6673
6733
6695
6695
6739
6707
6706
6668
6705
6689
7463
