113097
111598
113149
111989
113112
112141
84158
114059
84298
113390
110211
113633
111808
85473
103843
112795
116350
84583
84606
113875
113403
111107
115948
113614
114511
84553
104881
113106
110476
119988
108640
103416
85380
114387
85714
85262
116993
84415
84707
84863
84441
84522
85561
94098
110948
112671
84748
89972
115901
113143
84574
99355
114074
84109
112388
113791
86486
114157
113527
113094
111264
85394
100151
97599
114327
116869
114233
110685
112543
112010
85955
85938
116854
84781
86254
112577
84680
114879
111294
113848
111684
84505
84317
114614
112872
85455
113464
112728
111492
112074
87063
109294
84117
111368
91556
111366
89872
114275
84747
83982
