88752
88742
116148
89456
89387
89297
89278
89807
89440
117648
117704
89012
89064
89201
88730
89052
89636
88902
116244
90119
104033
114335
89510
89319
89310
89075
116130
88985
88982
117616
117427
89300
114773
88871
114667
89130
89675
111277
115427
114671
114349
89403
118684
114793
116383
89036
117394
114333
88875
88982
89386
89154
89148
118038
90077
89805
118253
89378
116978
89035
88871
88902
114848
89164
89148
117913
88831
88731
88712
117505
99388
89343
89533
89225
115792
118145
89161
89031
117640
117380
89086
88810
88884
89330
88717
89479
89902
89695
117903
115271
117200
120445
120370
114949
113870
116733
116244
119070
117155
119071
