76650
103443
104539
77012
75545
78592
76496
80556
77548
92125
103135
80390
76624
74916
74900
103794
74961
75474
104642
74898
103895
75206
74925
74909
104803
105724
103568
74901
74915
74899
74903
74932
74906
74901
74929
74906
74905
74902
74895
103552
102300
104195
74949
74957
104099
74936
74947
103550
105438
74912
103354
104429
74918
74902
74908
74905
74897
74993
74923
74913
103800
74903
74933
74907
104036
74898
103917
102742
74967
74907
74909
74921
74924
74895
74898
74951
103643
102806
74917
74925
74913
74917
74927
74904
74917
74897
74906
74894
103722
103906
74929
74907
74917
103404
75679
75111
75046
103411
105245
74904
74903
74914
74925
74908
74897
74945
74912
74920
74960
74912
74917
74940
75476
75555
74904
75812
104753
76789
75200
103390
77495
75506
102294
117749
