118717
117272
88567
116168
116468
117019
116157
114172
88635
114892
116570
116377
117037
116941
114681
115481
116720
117982
113809
91754
90195
117583
115623
115302
116214
116533
88487
116171
117262
89463
118090
117020
105847
119877
88935
89027
102554
88901
121547
115946
117111
88475
103633
119470
88573
117731
88920
120081
91225
89184
88821
105897
90138
91164
117701
106949
90815
91181
90376
90966
113388
118269
90991
117116
88970
91399
88341
113994
115394
90960
89405
94771
89064
90640
90179
117543
88789
89192
89721
89987
89401
89125
124139
117009
88269
88188
88213
88207
88119
88155
88124
88251
113514
88656
89021
119650
113672
88374
88220
117958
