122934
110448
121232
125368
123064
97230
97313
122956
109654
121770
120426
96314
97654
97275
124901
106383
118330
121416
96288
125156
95563
123317
96001
95884
124087
95217
109199
95941
95921
112176
124084
105977
123293
96735
117198
123763
116939
113254
96067
120605
95322
95272
95107
94526
95272
120826
118814
95471
95780
125196
123076
96241
118811
123760
97301
119736
95228
111902
100395
96335
119681
113515
96131
123160
95326
117596
97074
101378
121036
95419
95612
121700
117398
96714
119626
129469
124536
120911
125075
123287
121947
119925
122202
108535
122736
96043
125745
95658
117936
123409
120924
125394
121241
97399
100680
96160
96197
115323
119790
96005
95106
95972
95698
118399
116715
97262
96830
96332
132167
96263
96603
95680
112572
119213
94571
94083
99166
120819
119150
124878
115817
96366
117757
94913
109859
123688
120069
120375
97523
94560
95015
95169
95580
96077
99134
125637
117370
121245
116449
118557
95336
95287
95852
121247
127728
95506
123462
96016
117336
120607
120684
118329
95331
95367
122187
122467
95741
115022
95241
123244
122536
120238
118573
95654
96450
120757
118290
95382
95245
125439
115091
121521
123049
96325
96105
98034
113157
96025
95239
125031
122851
95373
96419
95780
110599
122299
115763
107957
120703
122479
120878
122489
122865
116373
95302
96473
96310
97412
97464
96396
95625
96649
113995
96783
110446
104749
119483
119744
95513
94134
95584
95561
96978
95482
120059
96263
96061
95882
122151
120762
95741
95308
95977
101036
121536
124794
98402
97402
127586
121209
96365
95796
96121
98312
97732
94995
95098
96044
95208
94553
94619
121899
113252
97152
97109
96642
96126
95429
120837
96243
95207
122071
96059
96536
97430
122535
95552
117929
123455
93796
96949
122724
96588
96482
95836
96483
97523
97445
95995
122847
111520
120954
121341
96486
96094
95950
95686
95515
96038
96345
123660
110207
124626
114765
108906
95308
96012
96861
95778
95189
122847
96181
96255
107307
122185
96093
94883
94606
114783
106380
105024
118191
96401
95340
95852
95242
121439
98625
96270
95905
94952
120087
94559
122630
94145
116822
97720
124884
122398
122398
94820
94877
96119
105141
119065
95762
123326
119465
121592
96393
122516
123897
122104
121434
120655
123430
95962
95445
120319
121593
122049
95659
96626
96127
114913
111021
96112
123444
95844
97692
94960
124327
122944
117601
116950
113889
121123
96632
117873
96374
110317
94911
122489
97196
124278
116515
122173
125112
122825
125905
121611
95686
94776
94985
94984
121031
95835
95632
95649
96527
95572
95665
95684
95588
94910
95121
95130
94438
94339
94655
95699
113190
123301
97536
97166
96074
96646
122851
94278
96794
97275
97364
97151
96795
96835
123208
120094
118480
111997
112509
110564
123364
94828
107497
122445
125105
119429
96632
118195
121527
94377
119929
95137
123448
119748
96428
120173
108059
103579
106499
122571
123877
117225
122648
96441
122705
123495
95504
120885
95975
112773
109129
94937
112242
117402
110698
93984
120100
95654
95424
95888
95609
121374
128893
123684
123641
123509
96819
120394
122309
96216
96518
96263
96817
113099
96150
96332
96777
98934
107338
117570
123208
116938
95842
95323
106313
125394
123822
119148
106345
95379
124143
124801
96304
120812
98116
96204
95778
95503
95800
124230
98705
112408
108557
97685
119255
98735
121373
122528
96363
122506
125390
101005
99650
101420
104943
99341
98115
115235
96789
123296
98186
97411
101563
96784
123542
113848
98745
121581
124346
95515
103830
122750
96424
95586
94545
96286
120273
125101
123200
120139
118691
97793
95962
97079
97664
123006
94796
123236
122568
95987
126530
96972
96606
124596
117158
99104
99424
97201
118418
114427
112938
100426
107992
119619
121039
96622
97006
98046
119112
117278
96732
96475
99042
96500
95097
96293
108865
136327
124250
100590
98489
98042
123490
97604
100894
95737
95496
97336
123522
94494
106307
95298
95705
95530
94142
95005
103058
106989
95106
103753
120333
96761
97430
95918
116550
126570
95365
121765
97333
117251
122250
95790
95351
120936
121810
96638
115406
120390
124832
122510
97796
124965
116122
112965
120676
95089
112156
95026
99529
127033
119963
125153
123116
113059
123124
118172
115561
120651
95536
95529
123203
121099
124098
115323
94472
94223
118508
131700
95902
101064
114990
100157
118823
106592
96479
97722
97157
114238
96824
95834
120709
98341
119456
121611
119173
122689
119294
105171
107168
123423
99989
98061
96150
111728
95648
96681
95274
99436
100577
97501
98179
96542
124133
119492
98661
94870
122654
123237
125823
123147
100814
98765
98972
99958
121388
102000
103499
117210
124246
98432
96288
115511
103368
99169
100705
100108
99077
98535
125076
99279
126617
99400
120509
123278
98001
95323
95811
95107
95616
97465
106398
123090
113905
96728
96477
120051
121365
115397
120680
96817
98595
128873
96809
109815
105542
108298
96376
96385
127232
96619
105623
99505
97180
99145
97739
95376
94163
94241
93792
94367
98732
119664
95225
108749
94226
125135
100630
109764
121129
121129
115168
94089
94745
123296
94090
95868
121000
95127
95220
95327
94119
94612
117939
119947
93847
94098
122008
121319
93656
93520
122688
121642
93726
93853
93569
93560
122273
122013
93565
121015
93785
94007
123597
120904
93696
93546
94082
93701
127169
94814
119130
122283
93779
93804
93818
93935
94076
93941
94102
93962
94568
93960
94186
94181
94507
94314
94158
94226
94997
94457
119968
93850
93921
93779
94058
93900
93579
93507
122556
121359
93531
93509
93517
93505
93531
122960
122049
119312
93601
94091
123522
122996
121580
93659
125070
121446
93782
94127
93922
107724
101606
93816
94361
122668
116669
122275
123867
94102
117040
93598
93595
94278
121548
100982
94557
94380
94028
120561
119752
122022
114711
119624
127453
96160
95099
94621
94221
118014
93810
116626
112091
93958
94347
93898
93925
120834
93719
93658
121525
94032
94216
94903
120242
100391
111009
93678
93777
93558
122186
121101
93593
93631
121625
93574
93800
93631
93596
94199
94134
93563
121033
94769
94394
109046
93888
134952
119009
145172
110528
94245
104947
94637
94305
97476
100407
94170
94149
121348
94877
124887
107597
121135
93612
120799
122194
123937
95251
95834
118171
93924
95221
96089
122442
121350
93748
127919
120997
121172
121212
107258
94929
93640
95034
109545
93868
93875
94374
94367
122873
123663
101359
93628
93782
119468
122565
121228
122337
122082
93509
93517
122880
93646
121979
121220
121400
93537
121065
121320
120801
93557
121445
121057
121117
120927
93697
118212
122594
94740
119169
120381
122188
122150
120878
121155
120405
93816
93689
121595
121528
95401
119703
120464
122019
123502
120882
116102
122344
115293
121327
