50522
78902
80470
50509
50490
50522
50516
81279
73714
78403
50591
50611
50557
50694
50560
80023
50589
50632
50576
77653
79898
50745
50722
50583
50577
50586
50532
50521
50551
50870
50515
50520
50503
50516
50508
50521
50532
50563
86440
74688
77371
75997
78603
79141
50722
76768
79435
50503
50520
50510
50488
78747
50499
79731
50602
78456
77711
82755
80802
50849
78524
50536
50619
50515
50594
50573
50719
50570
50623
50621
50629
50590
50633
50560
50662
50656
50650
50674
50635
50722
50650
50745
50519
79544
50551
50554
78411
80314
50813
50556
50507
50550
50522
79140
70317
80599
79741
73107
50502
50572
50540
50683
50530
50535
50817
77432
50487
50508
50499
50489
50504
50492
50520
50483
50487
50528
50495
50486
50485
50536
80281
80743
50553
78741
50495
50506
50532
50535
50675
50517
50505
50494
50481
50561
50499
50501
50494
50900
50555
50637
50589
80648
80654
50669
50511
50530
51307
51108
50550
50696
50583
50525
78337
50489
78018
79323
80761
76957
50531
50499
79406
50530
50491
50527
78625
50488
50502
50485
50487
50487
78229
77625
50680
78964
80207
50533
78909
50723
50813
50844
50676
50679
50751
50632
50572
50620
50658
77286
50516
79397
76317
81118
50506
50494
50505
78978
50513
50525
50496
50516
50522
50578
50503
50566
57441
78607
76608
51277
51212
50519
50488
50724
84822
52092
50471
68436
68834
73127
78960
50908
50884
50659
81211
79151
50620
50568
50559
50605
50610
77874
50834
50652
50761
77386
79242
79666
50557
50475
79250
77789
50486
50468
50472
50519
50501
50798
77381
50532
50508
75105
50498
50545
78436
50620
77628
50489
50475
50509
50708
50502
50544
50499
50674
50726
79594
78918
50587
50494
50542
50502
50510
50796
50775
50560
50507
50538
50532
50512
50893
50690
79769
79950
80164
50488
50483
50485
50629
50624
50507
50503
79947
50471
50545
50490
50496
50514
77776
50493
50482
50733
50525
50484
50498
50498
50556
50528
79399
80168
51343
50499
50498
76455
50661
50575
51120
50604
50551
51631
50628
50588
51085
50613
50569
50738
50648
50571
51555
50685
50632
50595
50558
50649
50754
51006
50632
50534
51838
51183
50598
50515
50561
50599
50543
50524
50553
51198
50714
50654
50657
50524
50647
50705
69970
50629
50677
50519
50499
50502
51707
78594
79143
81812
50946
78141
79426
79242
79648
81660
50651
51414
50924
73144
78737
50673
50536
50549
50576
50626
51157
50681
50592
50538
50583
50592
50635
50916
50570
50809
50706
50507
50517
50528
50867
50489
50489
81179
79099
79083
78376
79377
79332
51026
77129
78922
50483
50780
50543
79853
78964
50773
50922
50618
50545
50531
50530
50532
50561
78405
50489
50559
72361
50512
50509
50513
50636
50546
79016
78594
79953
80646
50541
50587
50579
50911
50533
50563
51371
50558
50533
50548
50618
50600
50601
50648
50623
51093
75418
50524
50495
50485
50530
80943
78611
50802
71404
50498
50508
50595
50619
50504
50483
50486
50481
50703
50484
50632
50500
50511
50565
50518
50918
50486
50802
50764
50484
50470
50484
50582
80094
78527
50553
51199
50509
79095
79328
50498
50483
78219
82506
50480
50494
50472
51084
50550
50499
50503
50483
50480
50783
50491
50778
50499
50488
50489
50485
50527
50479
50472
79283
80484
50820
50743
52521
79297
77740
50563
50561
51087
50556
51605
50783
50519
50513
50525
50842
50545
50496
50509
50506
50586
50494
50622
50693
51064
50872
50540
80839
78604
78684
50529
50534
50500
50682
78543
83108
51230
64880
77114
50745
50940
50978
51104
51891
81348
77262
79423
51273
79674
78462
50865
50810
51036
50603
50596
50580
51113
73728
78452
52353
50724
50564
79563
50502
51046
51000
50529
64287
79560
50499
50664
51711
75553
81736
50525
50578
50848
50638
50680
50479
50511
50492
78457
50732
50479
50511
50490
50752
50583
79753
79017
78887
51365
52444
52629
51262
52170
50487
77521
50494
77620
50626
50636
50706
50572
79492
50541
80371
78755
50603
77377
50510
51916
79398
50725
66135
50481
50547
50533
77629
50504
50613
50686
52886
50485
50486
50505
50521
50527
50503
50499
50493
50584
50512
50496
50498
50509
50627
81665
79106
50501
50752
50556
50775
50838
50484
50484
52216
78983
65995
58586
52862
51416
51493
50815
51305
77950
80913
81659
80536
79030
51218
50740
77529
81303
81254
79459
50648
50501
50976
50734
50978
51684
77646
51402
79954
53014
77514
50731
50478
50550
78638
79250
50525
77566
79150
57234
50916
50623
77798
79645
79997
50563
50921
50524
50939
50631
78896
50805
50950
50724
50756
77764
80306
50524
50574
50554
50495
50563
50521
50526
50483
50496
80597
64323
50486
50615
50512
50490
51097
50511
81852
77846
50592
50877
50583
50570
50577
50766
50768
50913
50551
79590
52071
79982
50493
50505
50573
50898
50587
50622
50655
50823
50566
50729
50767
50504
50524
50959
50570
50505
50503
50553
77906
79708
78693
75438
80736
77469
50484
78465
50574
50651
50900
79893
78423
77429
80037
78645
51115
77757
50508
50513
80095
77992
50547
50648
79343
76812
78323
78785
79166
50886
50875
52413
52549
80429
79443
50670
50482
79043
75999
51826
51941
51675
52068
80236
79354
50985
50656
51035
50712
50692
50510
50511
81088
80896
76469
51439
50506
50480
50482
50506
79260
50490
50512
66633
80201
51128
80440
80490
77078
79170
50675
67094
50669
50577
50622
50777
50602
50589
50614
50710
51523
50833
51211
50690
50623
50779
50614
50855
50698
51036
77071
77795
50507
50550
50503
50497
52896
50567
50597
50816
50507
50501
50504
50499
50536
50693
50566
50655
50507
50519
50551
50525
50570
50494
50532
50558
50549
76036
79198
50493
79462
79473
80979
50692
50682
50665
80354
80708
77579
81732
81852
79582
80331
50707
50668
50550
50524
50538
50544
50816
78653
77873
79555
77207
76698
50509
82883
77653
77768
77239
79219
50545
50598
78605
50532
50495
50494
79907
50771
74692
78645
79750
76713
50777
50729
50649
50577
50490
50713
50583
50552
50502
50518
50650
50526
79577
55176
78633
50670
50612
50552
50563
50509
50511
50508
50484
71079
75329
50485
50478
50592
79566
80828
79604
77740
77950
79834
78593
80938
79940
53665
79318
81140
78464
50508
79657
78720
78082
75421
80725
78861
78415
78354
50689
50506
65564
51334
50613
78763
78299
79197
78978
78295
80772
50788
50539
51239
77657
98237
54244
50523
79051
78465
71199
78775
77380
50796
50505
