11258
4275
10947
10790
10858
11120
11293
11151
11148
11019
11112
10961
11135
10836
11745
11055
10761
10880
11383
10978
10991
13192
13236
6443
4693
10694
11005
11089
4411
4440
4418
10819
10632
10943
6910
10761
4412
4251
10859
10959
10830
10875
4412
10630
4307
4253
10961
4261
4251
4395
12962
10648
9080
11187
11108
10630
10685
4392
10806
10811
4249
10891
4285
10799
10951
12499
12316
10986
10697
12299
12435
6570
6119
5987
10912
10812
13380
13302
5994
13499
6309
5411
10921
11095
4425
10864
4272
4352
10719
4601
10676
4411
4265
4247
4353
4462
4248
4571
4471
4367
4249
10933
4441
10979
10686
4288
10925
10741
10670
10686
12294
4251
10675
12156
12856
10924
10654
13150
4426
4246
10652
11276
12912
4379
10871
11088
10820
10827
10746
11005
13506
10757
10663
11282
10680
10679
6055
10726
4413
6018
13428
13384
13344
4427
10671
13586
13456
10862
4245
13392
4483
12234
5938
4277
4344
10156
11614
4313
4455
4388
4346
4246
6443
4526
6533
4344
6460
4265
4324
4255
4267
4317
4382
4294
4265
10651
4276
6586
4248
10663
4265
4600
4284
4433
4336
10832
4403
10686
10836
4415
4434
10929
4256
4271
8934
4269
11815
4462
12171
4345
10682
11069
4646
12493
4248
9749
12347
4678
12198
12061
12828
12669
12659
4382
12068
12093
12322
12467
12394
12341
12475
12213
12052
12114
12189
12285
12357
12293
12247
12234
12118
12104
12187
12504
12303
12165
12655
12049
12220
11156
10876
10775
11064
10887
10770
10699
10749
11519
11370
11317
11103
11304
10867
10984
9125
10959
10925
10941
10839
11168
11258
11319
11704
11237
11206
10907
10902
11103
10930
11277
11361
10626
11223
10616
10724
10949
10998
11018
10888
10971
10953
10983
10968
10719
11019
11122
10700
11104
11191
11166
11084
11002
10896
10824
11053
10932
10843
11465
11029
11384
12113
12266
11342
11103
11178
10851
10746
11090
11127
11100
4386
10935
11026
10999
10809
10993
10788
10942
11161
11369
11023
10806
11485
11447
11226
11485
11538
11283
11196
11300
11256
11658
11746
11277
11129
11275
11454
11198
11015
10744
11298
11168
11164
4347
11094
11038
11220
6135
11729
11519
11168
10915
10710
10808
11236
4249
11137
10933
10998
8656
10723
11218
11218
11005
11194
11157
11292
10977
11889
11010
11083
11306
13071
11030
10926
10854
11028
11067
10875
10953
10948
10883
10801
11063
10919
10903
11057
11023
10894
10886
10949
10826
10970
11080
11848
10824
11079
10821
11195
11109
11238
11195
11129
11172
11321
10676
10796
10935
4252
4285
11070
11038
10978
11027
11038
10974
10907
11160
11065
11148
11045
11035
11094
11122
11032
10849
10761
11001
11160
10869
10953
10810
10928
11186
10884
10844
10994
11117
10797
10865
10857
10912
10954
10849
10838
10916
10894
11056
10982
10962
10774
10724
10655
4251
11010
11097
11006
11053
11214
11143
11032
10866
10967
10948
10832
10912
10950
10885
10829
11078
10857
11044
11038
10900
10942
10914
11011
11107
10942
10913
10949
10917
10940
10947
11054
11227
11109
10869
10989
10974
10816
10733
11105
10892
10842
10691
10944
11116
10846
10996
10779
10850
10917
10757
10732
10872
10833
10835
10842
4858
10732
11002
11063
11029
10942
11079
11087
11094
10932
10840
10916
10848
10857
10843
11314
11108
11006
10966
10986
10715
10988
10923
10866
10865
10952
11112
10942
10743
10739
10966
11020
10802
10767
10922
11122
10850
10826
10749
10797
11023
10964
10893
10775
11070
10828
10951
10848
11161
10916
10960
10884
11161
11246
10893
10949
11037
11024
10838
10860
10989
11047
4570
10761
10972
10957
4431
10878
10778
10769
10845
11043
10909
4327
10871
10942
6685
4253
6936
4383
10708
10724
10719
4445
4408
4432
4436
4448
4413
4440
4423
4613
4437
4464
4416
4408
4430
4303
4263
4416
4321
4402
4419
12295
12893
12178
12192
12169
10801
11026
10965
10899
10963
11197
11050
10985
6290
10840
6405
11193
11071
10913
10949
4246
10975
10905
10787
10882
10986
4236
10956
4238
12243
12756
10804
11103
11086
10873
10925
11223
11058
10964
11092
10991
10765
11120
10938
10843
10852
10868
10815
10835
11395
11079
11089
11020
4410
10743
11418
10924
11208
10717
10681
11120
4612
11170
12260
12507
11191
11252
10776
10690
4441
12184
12482
12192
10885
10871
4471
10970
12108
10849
11172
12540
11140
10890
10989
6309
4540
13467
4412
10879
10746
12299
11022
12109
10732
12348
12633
10771
11237
12093
12051
12381
10651
12162
10869
4270
10710
4705
10673
10801
12120
10687
4282
12035
4595
4487
4465
4357
4553
12402
12186
4525
12083
12230
4281
12315
12196
10733
12456
4492
5915
5922
5921
5933
5911
5947
6117
5917
6389
5915
5975
5935
6002
5916
5984
5948
5919
6260
13166
5971
6115
6170
6014
13293
13154
6120
13257
13159
12225
6382
12226
12066
12062
6369
12288
6418
12407
12611
12300
12421
12201
12110
10887
12171
12415
12239
12346
12292
12218
12229
12887
11073
10826
10807
10820
11334
11063
10758
10909
10765
10778
10876
10924
10830
10744
10923
10912
10917
10772
11011
13236
11048
10726
5924
10846
10715
10950
10742
10814
10739
6457
6593
10780
10786
10900
8197
4399
4245
4259
4258
4245
4248
4411
4266
10855
10911
10642
10714
4289
4247
6453
10908
10654
6403
6461
6380
10827
6563
10962
11952
12190
6371
4469
12529
12527
12321
12415
12432
12362
12227
12228
12130
12517
12402
12685
10739
6617
12783
6483
12091
12066
12070
6503
5949
12264
12576
12531
12890
8441
6087
10738
13067
10920
12661
5973
12583
6614
6511
10939
6633
4364
11085
6636
10748
4310
6628
12383
12457
6432
12103
12098
12281
5975
12129
12182
12133
12424
12025
12291
12447
12072
12682
12750
12244
12354
12181
12238
12186
12127
12157
12474
12493
12289
12214
12193
12723
12267
12427
12367
12447
12331
10922
12320
12594
12423
12457
12321
12528
4446
12093
12133
12144
4450
12152
12169
12149
12208
12842
12168
12068
12415
12052
10798
12049
12187
12222
12495
12211
12463
12143
10934
12236
13209
5948
4376
13488
6218
6068
6107
4415
10769
4262
11572
12218
12246
6469
11978
6151
13335
6232
13557
13305
10679
13286
12453
10715
4404
10777
4322
10756
4419
13117
10950
4342
10687
10709
4381
10808
4299
