23753
25297
27298
9688
28013
23824
27303
24232
24116
9961
23794
24457
9814
10084
24035
24082
9828
26696
26017
13680
29558
9908
23948
9602
9586
24191
9697
24680
27170
28725
29287
12641
24143
13622
23851
18400
28077
13263
13422
11863
11125
9513
29177
9637
27731
27494
24104
24875
13469
29844
24440
24158
28135
24908
28155
24563
25848
23915
16388
24788
9886
23940
24682
24106
24710
28076
26271
15734
23967
28011
27325
29949
27812
27220
27823
29972
28297
10717
27562
15448
26989
27731
26967
28238
24231
25983
25019
28525
13315
26805
24032
9621
9640
23766
9497
15722
24705
27222
27934
29266
29004
9584
9663
9520
9829
9822
9893
13351
9614
9645
23954
24360
29676
23827
14733
14501
9582
25825
13559
13439
28750
9633
9484
9569
9626
9737
14120
23732
23919
28953
14012
24522
27856
24774
23739
24403
9667
23965
23725
9691
9749
24098
9503
24364
9581
26442
28913
27388
28867
27531
27147
28481
26955
26529
27102
27254
27489
27429
26189
29724
15989
10984
13432
13620
13631
13741
25429
21400
26745
25886
29660
26856
22967
24593
24613
14093
9742
24259
9472
14539
29430
23922
13561
13255
25335
29282
28167
19910
24708
24406
29558
26942
29594
13429
13248
10200
13492
9736
24050
13390
14470
24024
24217
22341
23952
9598
22235
23746
24003
24173
29353
29993
23671
24063
13279
13270
13932
9545
23894
15084
10074
24423
14497
9566
13261
24725
9678
9705
24068
9581
24042
27277
25465
24962
13658
13481
13793
11569
24082
9611
26837
23481
27425
23962
13653
13605
29561
26878
28379
28712
17865
13681
13211
26545
24077
25022
24097
24178
9973
10034
24041
29244
27500
24175
24174
23982
25509
13378
13499
13536
24949
9771
9530
9658
24243
24700
11186
27376
24391
29375
27816
24513
9669
24060
24104
24042
9783
24017
23805
20786
9926
24462
21810
9793
24190
27605
27439
9776
9963
9726
9882
23933
14171
23881
24037
9823
9787
9906
9799
9827
23927
25786
23900
22158
14493
14469
17108
20411
23941
18248
9737
27794
11673
24307
9948
23841
23984
23802
23975
9606
24829
9603
24159
9661
9749
13195
15532
27570
27706
24054
24113
23965
9582
9675
24090
24318
28020
24099
10713
24240
21701
24657
22594
24776
24547
23924
24009
24871
24294
24696
23994
24142
24155
24127
24122
24210
24416
24183
24084
24057
13749
24112
24823
24419
9471
24354
24272
24334
24465
24284
24434
24081
24355
24206
24240
24258
24241
24521
24341
11508
24279
24508
24852
24431
29947
15871
24091
24807
29648
28242
24275
22989
27924
24555
24925
24799
29405
24564
23065
24725
25020
24638
24736
24933
24748
23587
25481
27080
24463
30019
29842
24670
24693
24374
24956
27882
23801
27612
27892
20326
29880
13297
14351
9615
24583
24260
13451
24305
9846
9759
28046
14432
14539
24403
27899
25248
20322
24433
29335
25899
26412
27093
27165
18229
24767
28252
9662
9639
9566
9747
9878
9785
23807
9738
27643
23909
9623
27600
9733
23881
9908
23922
9621
9834
23947
23894
9675
9754
28164
24384
27615
23790
26970
24002
9557
27393
9852
9636
9740
26922
9651
9534
27200
24198
27299
27694
27052
27527
27581
10074
27672
14512
27390
27561
27635
27820
27356
11979
9799
23972
9576
9700
29667
24048
24381
24005
24018
24183
24121
24041
24455
24339
24360
24042
23982
23958
24094
24154
24429
24197
24314
24257
24086
29570
24686
23886
24771
24645
24264
13933
24381
22156
24167
24479
9841
24199
24336
24014
9952
9703
24001
24069
24039
24418
26853
27531
27325
22879
13268
13278
27708
9469
9601
24193
9519
27024
20855
27930
9531
26716
24148
24196
24316
24197
24160
24068
24246
24388
17232
15033
12593
10369
10421
10011
10231
10111
9960
9973
9948
10076
9933
9812
9699
9665
9949
9944
9657
9684
9914
9562
9921
24293
9530
9579
9745
24047
24175
24355
24077
24204
24245
23901
14526
9720
9946
9719
24283
24034
23792
9692
9799
9548
9529
23837
9958
9740
9582
23281
9573
27271
27383
25491
24235
24791
24510
24261
24211
24495
25510
24924
24361
25123
24807
24161
24544
24558
24665
24726
24386
25042
24235
24689
24159
24326
24454
24422
24228
24489
24281
14482
13615
24974
24779
24340
24048
23963
24691
24116
24237
24249
24001
24090
24133
24355
24090
24535
24731
13489
24530
29157
29953
27287
24982
24130
24292
24362
24098
24333
24378
24592
24318
24694
24504
29507
29731
26170
24123
24247
24117
24150
24322
24247
24093
24257
24129
24170
24164
24084
9764
24318
24476
9590
9524
9512
9530
9484
27236
27574
27862
27786
27842
28070
27231
27199
25327
25081
24508
24375
10760
24071
24327
24695
24237
24180
24450
24568
24456
24565
24184
23945
23934
24619
24445
24225
24616
24696
23900
23946
24461
24064
24431
25622
25388
24539
24088
24269
24855
24829
25320
24272
23929
24038
24127
24296
24515
24448
24345
24087
24340
22733
25735
24494
24590
24195
24002
24330
24293
24108
24314
10044
9762
24367
23929
23916
24077
24230
24949
29400
30038
26252
9995
9911
9932
24745
9741
17947
24346
24216
23984
28405
24211
9914
9549
10054
10167
24133
24713
26324
24121
24280
24530
9916
23974
23570
25157
24616
25136
25581
25058
24789
24616
24459
24355
24212
24219
24282
26000
23163
9689
10102
24442
24172
24162
24108
24338
9965
9566
24332
24431
9562
25237
24421
13724
24435
24689
24206
12721
29281
12010
24428
13357
26874
23847
18571
24707
13471
24544
9485
9473
27613
26946
24348
27179
18615
24244
24609
24218
14247
10050
24489
24688
24979
24851
25003
29906
13494
25419
13562
13796
13915
29726
29648
23983
25491
24671
24623
24744
24651
24595
24006
24101
25176
25278
25285
14158
9721
13824
13869
26795
9841
14999
14792
14944
14993
14306
9484
9899
9874
9564
9956
9707
23758
23888
9499
9948
9946
9847
9882
9976
9541
9766
14521
9775
9776
9836
9592
14751
9550
24201
23957
14337
27749
9938
9903
13217
14386
14493
24043
24114
24292
24180
24030
10024
24327
9814
9845
9853
9728
9832
9741
9853
9939
9966
9666
9821
9874
9586
24906
23959
27654
9690
9722
9797
9943
9782
9642
9684
9931
9789
9929
9895
9709
9886
24587
27811
25734
24756
24330
24477
9884
24377
24307
24191
24558
24743
24590
24310
24024
15126
24415
24217
24036
24159
24150
9598
24031
24367
24071
24500
14509
