92667
76750
87431
87825
100766
105206
101165
76593
105073
104580
105415
77019
111776
89823
76518
77826
76895
102783
103269
99825
97422
75865
103727
102640
103202
103240
76262
77430
76520
76169
97803
87525
91105
87359
103618
76259
90177
100405
104360
106823
103495
99807
98409
98630
75535
77931
78020
100330
75296
92923
97405
76116
97490
79597
101966
99916
101350
101506
103569
101360
99704
107360
98371
76426
106496
75683
103097
102740
76315
101664
100967
103864
101372
76731
101250
76532
86046
102208
75716
103134
75499
75726
76166
102999
101967
75641
99553
76353
76693
77332
99432
76653
76202
102074
77770
99553
75970
75880
91837
102708
75191
103227
105890
100642
102417
76169
101116
98672
103328
99646
98739
75900
76142
76565
76515
94727
82969
98314
77623
76706
77571
76593
76140
102505
77556
101653
76961
87803
75894
103866
77295
87242
97464
77081
76845
84885
99206
76487
104852
96206
104932
76480
75893
106004
104043
76918
102638
90269
76225
106027
77077
88886
103921
106751
99327
77077
87870
78001
97548
91988
101297
104979
97752
76883
106700
75988
98667
92658
104020
103792
104947
77516
99183
77759
77195
76449
77739
94819
101934
92404
90970
76303
103319
103083
103890
101415
105867
102675
103011
76633
98770
102372
101335
100429
95001
105783
76568
102197
104606
89654
98761
101583
101938
76194
75476
104069
100945
96844
77297
77198
100195
80821
77008
106638
97202
103029
77052
101673
76113
101719
99808
76115
76309
98034
103200
88429
104567
98824
76529
75528
75951
106291
101685
96904
101576
100497
90641
96729
105015
77675
102238
105417
96088
102743
103326
77056
75729
102059
100674
76386
102876
102328
104452
103297
76534
75701
88518
75622
104692
76947
101727
100486
91708
76418
101211
94166
77129
76911
76892
77131
77106
99112
76154
98958
76879
100580
104877
102939
102153
90466
77614
76452
76875
103364
98059
90563
77589
78538
102533
77796
86959
76122
76351
75627
75540
76963
76160
96426
103170
76168
100511
77164
77782
77612
91025
99376
77662
78169
101754
75434
78342
100903
76987
77048
103990
103128
100292
76327
104040
100604
97088
76807
103515
101085
76058
102445
76464
107254
77974
96428
102130
75813
96428
90994
101748
77669
104176
100973
100419
76460
75670
98368
99385
78336
95772
104971
79199
77607
77467
89127
77810
77660
103686
79832
77603
103990
76818
106024
105099
104082
76993
76855
76528
103038
76003
76261
76219
76488
76377
75638
76477
76456
75711
75298
76230
76355
103696
78162
78088
77773
78300
102752
103870
76796
75613
76616
77283
94126
78420
101897
77302
102997
76728
76631
77585
94832
76219
76508
76548
105294
90002
103749
100049
77391
76802
76870
97289
76052
99988
101149
88617
102790
76127
76501
76700
80695
102449
76933
76318
76260
103680
76759
77595
77781
76204
77412
76555
76973
77264
76261
77313
76817
96752
100103
104652
102653
101371
77534
101668
76666
102870
80552
76762
101652
104548
106237
88873
75932
101516
100635
77071
100560
75790
77292
97035
100570
94534
76014
100077
103101
75880
76098
104061
77486
75971
75650
75780
76874
101704
95763
103438
76306
76074
77071
88718
76496
76642
77315
76842
102287
93856
76868
103521
106067
91745
76223
76716
105097
103492
77788
95378
101401
101523
77627
104354
78184
77375
77436
107787
77414
100655
76561
75947
105645
100546
76908
77612
76251
75746
76345
75950
92640
102468
97111
79107
105292
76178
103842
75823
99012
83565
77840
81581
99906
75086
75244
75164
75328
75734
75067
100848
76113
104161
101078
102871
102866
76358
80014
95871
76633
99830
75876
88513
76744
76396
76352
77623
97461
77058
97954
98999
101701
77913
81505
77951
77581
76847
77929
77176
101965
77311
77325
76313
75855
86187
99295
102315
77023
77742
77175
77186
78363
77604
77672
77313
100552
77239
104371
90059
75177
75224
101574
75979
77125
76578
98568
76272
79908
78621
104882
77959
102403
81427
77070
102392
77105
102506
76722
102620
77535
101615
76534
76143
76589
77491
76584
77602
102757
100929
75615
102270
76745
103215
101642
103951
105065
76584
103843
77452
77485
94006
75766
103399
96820
77939
104950
77257
77560
75325
96427
103808
76537
76653
76421
101532
102003
103204
101367
77184
93705
102235
101562
76323
104151
76593
80901
98306
105273
101704
104297
77370
77033
77843
99822
75777
77163
103124
100195
76897
77373
100788
102266
76919
101608
75922
76802
76602
77470
76878
99130
76021
76762
104455
103184
77833
101544
95772
97343
99442
80763
76968
102672
78136
102237
104299
92281
76668
76708
77335
77387
108512
76013
102612
99980
77948
75663
101150
100454
105960
102096
96634
75598
75234
76484
105450
103098
99971
118459
76726
76713
77148
76802
76305
100253
76199
99625
101435
76068
75925
77276
104591
75532
90342
86629
76303
92896
105362
103756
94517
76698
102939
76356
76611
87272
103934
76041
75128
101268
75914
99927
76084
76134
97827
91718
77773
101894
101898
90285
102939
76685
100101
76482
103448
104989
77475
77778
77155
76193
77654
75939
105335
101655
103004
75708
75256
75365
101496
104157
75960
89754
100948
97994
79069
103775
104447
76392
75388
102189
76605
76469
76696
77214
76458
98544
76806
76606
76465
103630
100071
75797
75622
103053
76600
76175
102199
76877
104160
76170
75921
101739
101569
75997
102572
76001
76006
76595
76388
76700
75404
101295
77738
76743
100775
76341
102569
76312
102067
76073
103370
82993
76779
97269
75838
103414
104011
77458
76191
100488
101542
77350
77112
76642
75827
99843
77446
97352
103412
79543
77293
81789
76734
103780
75442
100094
101290
77980
78194
76447
77474
77654
88534
97769
76458
75706
97617
76216
76956
75956
75417
99268
75361
75527
75867
103167
77363
75461
104437
101238
96472
99640
83255
97839
76961
118863
74947
75567
75377
75722
76407
76258
76552
76019
102953
76358
77659
80083
78733
101887
101613
98796
103030
102400
103636
103528
102320
105119
104551
102823
99732
105244
104053
99968
103269
101395
96887
106251
103811
103228
78311
104993
76054
104397
101721
76808
76325
104371
102737
101610
103023
103651
100164
103931
84528
103841
102213
103734
101760
84778
105627
76027
75477
75597
76144
79048
88661
77180
91391
103187
75775
101785
75330
75823
75745
92095
105381
102231
104370
100277
97715
105484
76050
87721
76876
105251
102274
75506
98149
102899
76068
77710
105647
104002
100336
104587
85782
75253
102764
75464
76462
103762
106871
102857
76440
76683
76275
103917
75543
76434
101703
76325
76816
77048
102575
90213
76207
76654
76982
76801
104008
87617
76900
102446
103053
106461
105891
76785
77804
107887
103245
101331
