44163
44326
68056
63644
73003
72305
45853
48970
44951
72476
63191
44601
44509
45442
45697
71510
45309
45674
45252
65112
74122
45099
71949
45508
70442
69655
72005
44606
44241
69639
44911
44908
70080
45169
45492
44449
69016
46767
58630
45166
45839
44987
44612
71264
70054
45171
44728
44095
44870
73616
74375
74426
45314
44904
45814
71421
69455
45133
45338
71663
62473
68845
45308
54966
63808
44660
69335
45123
68356
71609
44964
44681
45685
58144
44782
45396
68274
45404
45422
58664
56086
68383
45626
60548
44795
66634
45190
45117
70723
72421
67710
45483
56986
58294
55626
45035
44223
44575
68050
44393
44534
44162
44280
45656
45064
44533
71828
44894
44812
45200
45504
45090
45214
55330
71094
48874
70764
71458
66353
45555
45202
64133
68652
63274
46094
49677
45274
69382
45195
51344
57774
45299
63173
48594
44385
44936
45038
71681
45517
45109
44745
70034
44929
44738
68118
44281
49523
44599
45179
75416
69759
55393
73017
70867
66530
44878
44866
75127
44447
44524
44509
70568
44429
71609
44959
71222
44562
44360
46016
44466
72296
44754
74872
69827
45829
44910
45059
45498
44962
46399
44511
44630
45615
44801
44617
44444
44553
44351
44497
71371
45536
45103
70019
44658
45303
44829
44285
44063
44496
44889
44159
44101
70998
44035
44374
44438
53149
44525
44359
44621
44423
44524
44774
44155
52395
44057
44268
44591
44443
70330
44539
45805
44448
45117
44558
44687
44376
45253
44786
44902
44977
45100
45177
44951
45247
45047
68441
45263
45222
45648
45792
64866
45371
46032
72461
71174
44671
60203
65934
74679
71965
80688
75081
73474
66262
70296
45499
44891
44626
44905
71386
44607
45082
44281
45073
45107
44239
72458
70962
44471
44988
44776
44624
67235
44877
44746
44728
44834
45362
44765
67454
66485
44981
75219
70072
45624
45543
45612
45229
67528
74059
68850
44457
44735
44371
45081
44518
51680
73436
70318
44704
44734
44532
44583
44883
44533
71855
44604
44644
44320
72756
44355
70494
45047
44709
46426
44363
44041
72536
72957
45245
44890
44641
44548
44899
71532
44764
71459
44228
57624
73174
45076
72716
44879
69169
44841
45014
45309
45138
45240
44452
44568
45068
72476
44765
45916
45087
45380
72504
45081
44925
44973
46313
70882
62630
67877
69744
45118
45747
45688
45654
45224
44953
44247
74905
44966
69718
44546
67758
44046
44075
44130
68987
44090
44143
44203
69546
71209
57813
70046
70875
44967
44877
45035
70528
44820
72902
44650
45319
70188
58582
72251
44889
74696
44878
44914
44600
72425
45989
75625
45218
45096
45606
44238
44511
70075
44772
71106
44931
45811
45092
45215
70921
70635
44982
69321
45002
45459
45662
64744
44243
45095
72539
44493
46438
45657
71478
45624
73465
62103
45332
46275
72015
52245
45233
44746
72128
69506
45933
45685
71892
76043
46148
64106
73358
44436
70520
66102
73697
72214
71165
74301
45486
45045
44589
71923
72375
44120
57006
46118
46505
45516
71331
72708
45058
45153
45142
45358
71203
72636
76461
45008
69016
69430
65214
44609
49047
45206
45259
44705
45013
70734
44807
44853
44824
44745
44818
70427
44867
44412
44925
44108
44936
44767
44189
71413
44741
68964
71627
44784
45060
45420
45077
44707
44433
44433
44357
44423
44534
48427
44818
45289
45270
44970
72045
44686
44954
44504
44209
44146
71605
74279
45005
64226
45080
74010
44773
45172
72131
44584
63250
71679
67283
71916
44773
44563
70048
44886
45494
70841
45294
73459
45668
45617
70701
44651
74004
45533
73941
69211
45337
69235
44504
45147
44735
45053
44477
45120
70080
58956
65546
44573
45058
44771
44578
44600
71871
44526
44539
44344
72332
73304
70550
45441
44579
68308
69251
44281
44548
44429
44342
69987
44574
44479
70332
44961
73193
44196
44248
44204
71040
44634
44678
62299
72631
44719
44794
56542
70963
44120
44542
44358
44993
45207
71196
72207
44820
44941
45170
44114
57010
70578
69689
45693
64452
44492
73877
67608
45258
62176
73049
47208
64612
50770
56988
65679
45221
46360
45983
45444
46018
68209
45464
46287
47928
48547
49411
46658
45600
45052
75628
63276
46121
63044
68370
65854
45537
44651
59380
44412
44048
71711
72375
72336
73327
45232
44934
66575
69448
69780
64758
71051
70735
63481
45571
44582
45610
45421
46446
72406
70360
44880
68828
45003
45888
44798
45577
44849
45271
44784
71850
69993
44799
44953
44641
44820
45312
44501
44297
70893
46733
68522
66634
44300
44330
44360
68669
44460
66856
44386
46008
44905
45227
70050
44238
73020
45277
44618
70569
44381
44746
71838
44531
44232
44627
69165
44788
44476
44326
47078
64909
44595
71412
45283
44997
45207
71526
44996
44939
72363
44545
71044
44679
71665
48191
62424
51566
69346
53167
45675
47875
61601
45140
71395
45106
63101
46396
73216
46179
70958
71623
67282
45273
44378
44755
44549
45208
45007
45214
52372
45152
73305
44551
44797
63894
45482
56662
61759
44926
44998
44184
52053
44581
44406
44741
44655
71760
45017
45349
68513
44892
45039
44502
45013
45024
71482
45078
44697
71656
73025
44855
68301
44468
44963
44245
44705
44772
44621
44584
69590
44908
44433
71191
44685
44642
44881
45571
44899
44376
70870
56523
64392
45440
44933
68705
44884
44814
44590
62352
47204
44617
45491
44758
44937
46399
44585
58100
65913
67245
68126
72028
66446
64937
70112
63637
65032
66844
45108
45171
75919
45112
65261
45337
72928
45449
68506
72658
49760
58555
45698
45411
45439
45878
68118
74751
46003
70221
72481
44829
45146
45376
45551
45494
65531
45289
45652
75731
45210
44342
58601
45129
59087
45429
71532
44968
45335
70990
45138
45036
45099
45442
59217
45014
67537
45766
74947
62719
45420
70404
45049
45146
45605
45022
44544
45050
44921
45340
45925
45035
63358
46126
57088
45170
44918
59534
44539
63933
44863
67661
70766
69760
45008
45522
45590
69918
45015
45420
45412
46311
44639
75889
46090
52361
45127
44964
44759
59680
44969
45627
45147
74089
73608
73494
58426
69785
45543
44887
68188
45943
45093
68769
45651
44870
62198
44554
45051
44830
45132
44459
70141
44966
45421
66649
44037
44227
44594
44296
53123
71551
45191
45020
45213
44435
45027
66770
74237
73075
72793
66257
66225
71609
70904
45011
45199
73734
73862
44899
72844
68384
71915
73219
65687
45576
50634
45404
70582
69745
45053
44443
73973
46236
71119
72341
44855
71233
72824
73247
45317
45177
68994
