25846
25843
25799
25825
25802
25887
25802
25833
25799
25846
25813
25817
25881
25867
25901
25857
25797
25842
26113
25803
25833
25855
25790
25857
25837
25801
25814
25871
25814
25805
55106
55577
25803
25796
25815
25779
25807
25810
54612
54307
25805
25791
25815
25787
25777
25796
25779
25801
25787
25784
25786
25800
25792
25777
25785
25795
25793
25787
25786
55435
34803
47610
56655
25800
25810
25832
25822
51782
25896
25791
25795
25775
25790
25801
25785
25788
25780
25813
25800
25793
25791
25816
26029
25849
25794
25785
38202
53339
25843
25825
25801
25834
25797
25824
25822
25802
25883
25790
25796
25782
25779
25769
25788
25807
25799
25787
25787
25789
25782
25805
25784
25777
25774
25784
25768
55195
56318
56815
25797
25950
25809
25788
25788
25783
25792
25783
25787
25789
25792
25786
25796
25790
25795
25784
25785
25785
25787
25818
25799
25784
25781
25775
25783
26132
25792
25792
25798
25796
55507
52679
26812
25770
25801
25820
25829
26179
25791
25807
25787
25796
25786
25792
25806
25787
25794
25801
25798
25796
25791
25809
25788
25829
25788
25793
25811
25793
25783
25800
25803
54614
25795
25778
25792
25789
25790
25785
25793
25795
25790
25801
25792
25804
25790
25785
25798
25796
25795
25793
25824
25783
25794
56366
55498
25791
25792
25825
25812
25804
25807
25783
25797
25813
54454
25799
25804
25797
25798
25829
25802
25787
25801
25793
25821
25783
25811
25803
25778
25788
25795
25801
25807
25792
25792
25798
25797
25791
25819
25796
25799
55060
54824
25805
25814
25789
25804
25784
55069
25821
25789
25779
25839
25785
25786
25786
25816
25788
25784
25784
25790
25791
25817
25804
25829
25850
25831
25798
54453
47344
25831
25772
25784
25794
25789
25810
25800
25791
25804
25793
25803
25790
25791
25787
25794
25782
25793
25793
54788
56548
56003
51762
25782
25780
25786
25792
25780
54837
55588
25786
25794
25790
25791
25796
25794
25794
25796
25798
25801
57015
55848
55800
56566
25792
25795
25793
25781
25828
25787
25793
55203
25785
25786
25779
25787
25779
25775
25795
25776
25793
55016
54096
25791
54642
55884
57311
25798
25807
25857
48382
25812
25791
25788
25798
25801
25793
25789
25788
25797
25779
25786
25797
25790
25791
25785
25785
25798
25784
25792
25790
25798
25787
25786
25794
25793
56362
56651
25808
54160
25796
25802
25796
25791
25794
25797
25787
25783
25798
25799
25792
25797
25795
25793
25793
25786
25795
25791
25791
25786
25787
25829
25779
25797
25793
25799
25771
25787
25795
25796
25784
25790
25802
25795
25800
25804
25796
25793
25801
25796
25793
25788
25776
25796
25789
25785
25808
25788
25788
25791
25787
25812
25780
25825
25785
25790
25793
25792
25817
25780
25796
25784
25779
25787
25794
25792
25793
25781
25801
25821
25812
57019
53576
25783
25820
25817
25827
25814
25828
25830
25781
25798
25795
41587
55156
25808
25785
25784
25792
25789
25788
25784
25817
25781
25775
55150
56642
25794
25776
25796
25803
25779
25796
25786
25795
25783
25796
25807
25792
25788
25789
25787
25793
25780
25789
25807
25782
25789
25862
25787
25792
25793
25791
25790
25789
25792
25797
25801
25788
25815
55278
54876
25773
25794
55007
25801
25811
25790
25797
25819
55519
25792
25792
25792
25813
25824
25791
25787
25792
25794
25785
25831
25794
25797
25790
25796
25800
25797
25791
25797
25808
25791
25781
25797
25812
25794
25816
25791
25799
25846
25831
25803
25802
25800
25793
25790
25798
25795
25787
25789
25791
25781
25807
25792
25787
25786
25798
25796
25813
25777
55468
25776
25794
25780
48141
25793
25799
25786
25794
25792
25787
53376
25785
25801
25799
25801
25799
25803
25785
25793
25797
25778
54358
25777
25788
25781
25791
25828
25787
25790
25809
25777
55549
25780
25800
25796
25795
25795
25793
25788
25783
25791
25790
25790
25787
25782
25796
25786
25792
25797
25834
25793
25781
25786
25989
25780
55411
25807
25789
55364
55473
25790
25785
26136
25795
25790
25791
25772
25787
25795
25792
25865
25823
25777
25806
25792
25792
25768
25801
25792
25789
53175
25789
25782
25789
25773
25791
25867
25849
25811
25794
25826
25838
54071
25782
25770
25781
25789
25792
25790
25792
25789
25782
25786
53486
25827
25794
25780
25817
25792
25788
25790
25803
25799
25796
25811
25791
25786
25826
25790
25796
25782
25801
25790
25832
25794
25795
25795
25793
25788
25844
25827
25805
25781
25825
25799
25792
25804
25786
25795
25794
57089
57801
25797
25791
25790
25789
25789
25796
25796
25799
25800
25811
25815
25802
25807
25804
25839
25794
25812
25810
25830
25800
25825
25833
25808
25812
25816
25825
25789
25813
25796
25813
25804
25868
25798
25894
25788
25781
25800
25797
25801
25810
25805
25799
25785
25804
53514
25962
25850
25837
52970
25801
25795
25817
25812
25908
25801
47732
25809
25834
25817
26426
25925
25946
27645
53320
55944
55480
48545
26310
26232
26420
26648
26609
25857
25967
46527
26149
25990
41837
54467
26898
26041
26120
26128
26166
25889
26667
56168
55638
26675
26141
30103
34483
26966
25939
25975
25796
25939
25875
54757
26131
56485
52359
38969
26281
26815
54283
54334
29176
30324
32424
26879
25892
33607
46229
29542
52958
30973
30349
27283
26336
26374
26315
25895
25878
25801
25981
25790
25794
57408
25815
25798
25928
25780
25796
53396
25799
25829
25798
25871
25788
25805
51711
26197
26098
51633
26102
26387
55031
45665
25848
38772
37899
58078
25822
25970
25961
25941
25832
56239
54473
25947
25777
48694
52349
25801
25826
25800
25800
56080
25772
25795
53133
25786
25811
25801
25807
26647
25815
25800
25805
25992
25850
25851
25811
25793
25780
25835
25788
25819
25788
25783
25790
25792
25836
25789
26145
25813
25806
25810
25796
25821
25787
25790
25808
25790
25805
25795
25798
25818
25804
25789
25787
25877
26164
56159
52723
53689
25800
25956
25787
25782
25811
25858
25780
55429
25814
51711
25812
25804
25823
25805
25797
25809
25802
25794
25793
25794
25802
55656
25788
25816
57518
54041
52589
49656
25967
55645
55686
53777
25926
25973
25937
25894
25922
51347
50551
26084
55003
25831
25813
55576
25899
25794
25789
25792
25809
25795
55469
56307
26450
26080
36135
56759
55925
25951
25782
25797
25808
25808
25790
25802
25795
26025
25895
55111
55027
25816
25834
55170
53915
26396
26297
26564
55476
26223
26194
53643
25799
25788
25822
