2344
2343
2336
2376
2350
2337
5852
2351
2343
2361
2336
2347
2344
2343
2337
2338
2345
2343
2359
2337
2337
2341
2398
2343
2337
2336
2343
2421
2340
5861
2347
2337
2371
2375
2342
2365
2335
2341
2373
5860
5858
5863
5850
5851
6887
5945
5857
5851
5865
5857
5860
5855
5849
5882
5908
5957
6003
6212
5894
5997
5950
5937
5905
5908
5888
5892
5893
5890
5889
5902
5897
5912
5910
5897
5900
5882
5889
5892
5886
5903
5898
5939
5894
6071
5890
5892
5892
5889
5892
5922
5901
5899
5894
5899
5900
5896
5894
5889
5889
5982
5895
5954
5899
5918
5900
5895
5925
5888
5910
5928
5895
5947
5893
5920
5914
5889
5888
5926
5894
5926
5923
5946
5942
5935
5974
5997
5896
5893
5887
5891
5907
5901
5942
5937
5984
5939
5967
5931
6049
5886
5889
5909
5889
5930
5943
5936
5908
5910
5900
5897
5894
5891
5884
5942
5918
5950
5895
5911
5885
5897
5896
5894
5895
5888
5893
5924
5992
5931
5902
5974
5926
5915
5902
5931
6108
5890
5912
5887
5901
5919
5949
5944
5972
5937
5930
5934
5936
5929
5928
5971
5933
5958
5970
5967
5934
5968
5958
5936
6049
6111
5895
5904
5885
5889
5896
5917
5916
5964
5945
5955
5937
5952
5934
5938
5927
5951
5946
5957
6045
6004
5947
5947
5948
5938
5958
5892
5882
5893
5885
5934
5902
5901
6013
5953
5992
5934
5955
5935
5885
5943
5927
5924
6053
5971
5945
5977
5900
5955
5962
5970
5890
5917
5887
5917
5901
5939
5949
5903
5963
5961
5895
5930
5954
5966
5964
5905
5936
5966
5902
5915
5896
5877
5890
5882
5918
5894
6032
5890
5916
5896
5885
5932
5890
5915
5920
5898
5904
5926
5923
5943
5895
5894
5892
5892
5889
5987
5907
5923
5937
5926
5940
5916
5937
5917
5954
5917
6039
5928
5914
5916
5924
5944
5953
5887
5903
5899
5890
5923
5916
5933
5904
5902
5936
5929
5942
5884
6143
5950
5997
5914
5897
5899
5907
5894
5895
5891
5899
5891
5894
5890
5922
5902
6021
5915
5937
5894
5887
5890
5891
5878
5949
5926
5929
5932
5902
5896
5890
5889
5885
5927
5925
5922
5927
5920
5909
5896
5890
5895
5931
5920
5937
5928
5903
5912
5890
5880
5893
5907
5933
5935
5899
5924
5930
5891
5893
5895
5889
5936
5933
5917
5918
5898
5893
5895
5943
5920
5918
5921
5929
5925
5917
5917
5893
5889
5891
5917
5931
5887
5899
5927
5907
5898
5978
5893
5890
5890
5886
5935
5951
5889
5899
5897
5897
5922
5890
5888
5882
5915
5937
5896
5935
5955
5892
5892
5926
5893
5888
5933
5930
5898
5958
5896
5893
5892
5888
5894
5921
5885
5932
5933
5905
5924
5921
5901
5912
5895
5909
5886
5909
5902
5897
5930
5890
5908
5891
5914
5923
5885
5887
5906
5899
5898
5901
5896
5931
5904
5915
5890
5891
5878
5901
5899
5923
5947
5893
5892
5925
5891
5889
6029
5957
5899
5923
5984
5891
5889
5933
5889
5883
5896
5925
5927
5933
5891
5893
5897
5913
5894
5948
5899
5891
5896
5908
5889
5930
5896
5903
5926
5898
5895
5896
5938
5891
5890
6104
5904
5880
5887
5926
5915
5933
5940
5892
5947
5887
5896
5889
5895
5902
5933
5890
5927
5892
5891
5887
5887
5893
5897
5940
5893
5965
5891
5890
5886
5884
5921
5915
5933
6008
5898
5930
5895
5931
5884
5888
5907
5924
5883
6002
6092
5895
5893
5890
5923
5886
5889
5920
5932
5941
5928
5901
5934
5883
5893
5921
5920
5912
5901
5925
5919
5935
5924
5886
5897
5915
5894
5902
5895
5917
5906
5923
5947
5926
5893
5888
5898
5886
5916
5948
5951
5911
5942
5898
5929
5884
5925
5918
5938
5895
5938
5936
5936
5899
5890
5885
5890
5907
5896
5926
5897
5951
5897
5907
5915
5890
5916
5883
5909
5902
5937
5895
5935
5893
5889
5884
5924
5928
5925
5919
5977
5896
5916
5888
5891
5887
5883
5919
5893
5887
5915
5915
5922
5889
5892
5887
5882
5896
5894
5899
5891
5914
5892
5892
5890
5891
5928
5894
5902
5953
5932
5914
5932
5892
6028
6006
5968
5915
5908
5902
5900
6184
5902
5913
5899
5889
5890
5886
5902
5893
5900
5895
5895
5917
5888
5924
5884
5890
5936
5894
5890
5890
5887
5892
5887
5942
5911
5941
5927
5945
5888
5890
5886
5884
5909
5894
5914
5921
5894
5888
5924
5921
5884
5885
5896
5894
5935
5896
5927
5894
5899
5912
5927
5880
5918
5906
5931
5894
5892
5913
5909
5926
5922
5891
5942
5900
5930
5897
5922
5889
5914
5911
5887
5933
5924
5892
5889
5917
5894
5924
5901
5908
5883
5928
5932
5933
5915
5891
5891
5891
5887
5884
5920
5914
5968
5919
5893
5898
5892
5886
5919
5925
5898
5904
5898
5896
5894
5881
5887
5887
5964
5885
5882
5904
5896
5905
5898
5894
5939
5889
5913
5885
5896
5942
5892
5920
5894
5891
5891
5887
5891
5887
5931
6263
5924
5923
5927
5892
5928
5889
5887
5913
5888
5941
5938
5929
5895
5919
5928
5887
5891
6251
5888
5884
5879
5920
5933
5927
5919
5927
5893
5911
5892
5892
5889
5907
5893
5917
5910
5930
5910
5897
5896
5908
6017
5891
5888
5905
5899
5993
5900
5918
5924
5898
5891
5999
5888
5892
5895
5902
5904
5949
5934
5911
5903
5931
5927
5893
5917
5925
5932
5896
5909
5906
5931
5935
5892
5927
5914
5881
5884
5895
5891
5895
5902
5923
5943
5890
5891
5926
5887
5943
5907
5936
5900
5936
5891
5895
5888
5886
5887
5887
5936
5896
5932
5923
5935
5930
5914
5890
5900
5892
5887
5889
5906
5901
5896
5895
5935
5897
5894
5883
5885
5914
5883
5903
5904
5947
5931
5891
5891
5999
5924
5923
6269
5955
5902
5972
5899
5927
5890
5887
5888
5890
5912
6144
5899
5960
5897
5898
5902
5894
5886
5892
5889
5892
6077
5946
5900
5946
5902
5887
5888
5893
5888
5937
5922
5934
5898
5922
5895
5931
5894
5889
5911
5904
6071
5895
5900
5945
5895
