61540
58939
31220
31530
31253
60995
31236
31244
45262
31206
31243
31198
31215
31220
31223
31220
31219
31261
31202
31207
31186
31178
31225
31330
31194
31220
31192
60827
62567
51884
31238
31187
31306
31195
59869
43698
46715
31194
31197
31207
31177
31231
31220
31203
31267
31213
31208
31198
31501
31808
31222
31372
31363
31222
31195
59702
59779
61282
59599
58484
60605
58965
31209
31235
59949
31193
31300
31219
31193
31207
31236
31195
31358
31195
58431
31213
31301
59010
31580
57849
31305
31227
61312
31200
31260
31215
31205
60617
59209
60712
59164
60663
31288
31289
31310
31349
31364
31270
31283
31466
31190
31201
31197
32066
31203
31257
31224
59656
61180
59615
31288
31223
31215
31194
31187
31305
31206
31206
31180
31217
31211
31264
61379
62108
59812
61066
60775
60675
59279
31198
60457
31196
31269
60627
31183
41661
59184
60713
60157
61249
59640
31200
31347
31341
31321
31260
31290
31197
31567
31227
31235
31204
31212
31210
31192
31195
60708
59689
60871
59667
60900
31307
31230
31204
31201
31313
31299
31447
31454
31406
31237
31188
31191
31194
31601
31189
31218
31211
31341
31899
58499
31222
31244
58858
31228
58648
31241
31251
56243
31171
31261
59125
60577
61745
59652
59625
61406
61440
60963
31251
31204
31195
31196
31215
31202
31210
31202
31208
31205
31202
31221
31216
31214
31196
31205
31201
31243
31212
31225
31204
31188
31208
31195
31210
31207
31661
31207
31195
31476
31250
60579
31286
35188
59531
31197
31247
60304
31275
31245
31235
31187
31197
31199
31221
31319
31203
31291
31207
31196
31233
31210
31184
31210
31609
31238
31271
31210
61522
57072
59316
31230
31226
31251
31212
31211
31251
31250
60301
59098
31292
31245
31859
55350
59665
31191
31217
31191
31196
31251
61644
61608
31331
31200
31185
31212
32487
59302
31234
31223
31192
60241
31187
31386
31628
59396
31348
31217
60746
31191
31219
31197
31195
31229
31260
31188
31195
31569
60267
60269
31316
31197
60814
60370
31212
31204
32058
31654
31745
31849
31344
57994
31413
31254
31259
31292
31295
31227
59718
31203
59107
62356
57363
32028
31483
31385
31229
31201
31253
31195
31197
31195
31220
62416
62013
31218
31208
60820
59496
59849
54873
31728
60260
59673
31258
31259
59972
59179
60305
58921
60110
31202
31368
61368
55392
31775
31540
62271
31196
46675
31511
31546
31563
31252
40536
58586
55585
31289
60703
59422
51590
32046
61332
59673
31254
31664
54297
31180
31196
60001
59101
62692
61914
31172
31202
31190
54171
31204
31192
31221
31189
31184
31194
31199
31190
31233
31243
31196
31275
31234
31313
31434
31203
31214
31312
31240
31213
31214
31205
31201
61614
59903
60708
31194
31193
60411
31241
31370
58348
31364
56837
62116
57717
31200
31465
31441
31424
31512
60171
31185
31196
36533
59423
31197
31222
31201
31220
31255
31511
60366
58611
62364
31192
31181
31187
31184
60844
61182
31213
60460
58614
31223
31188
31193
60962
31203
31200
60820
31249
62860
58517
31202
31228
58638
31199
31199
31250
31204
31205
31284
31322
31206
31193
61912
59507
59901
31201
31219
31251
44745
60472
57812
31194
31207
61376
31767
31240
31196
59318
31199
31189
31198
31206
31225
31199
31207
31222
31213
61367
31256
53231
31197
31187
58261
60962
31205
31195
31190
31456
59931
31233
31893
31218
59453
31183
31197
31196
31419
31199
31233
31193
31192
31195
31191
58490
31262
31219
31258
48587
31207
52450
31194
31200
31192
62884
60033
31215
37240
58088
55999
31215
32354
31260
58873
31937
32259
59247
45128
31213
45783
31761
31556
31406
31239
31216
31185
31388
31197
56858
59150
59357
46373
46473
58495
31191
31186
41728
43610
31259
31517
31283
61167
31335
31366
31285
31288
31290
31203
31331
31305
31221
31351
31311
31389
32100
33629
43503
59883
58552
31362
31280
31256
31265
31230
60595
31200
31892
60252
31275
31351
31502
31529
31447
31384
31312
31412
31252
31358
31339
31259
31406
31547
31537
31189
61221
60726
31488
31182
58508
58589
31217
31205
58906
31211
59958
31209
61379
31189
60683
31194
31199
31199
31287
31206
61367
61550
61580
59648
31197
58972
31215
31239
31214
31206
31481
31222
31576
31295
31274
61080
58624
56367
31234
31213
35945
55383
32192
56070
31359
31507
31353
31222
59809
60381
61150
60743
31408
31441
59149
59902
31242
31276
31246
31205
31201
31196
31263
31226
31206
31204
31981
31239
31216
31283
31232
31205
31204
31240
31205
31200
31205
31195
31199
31205
31207
31235
32200
31213
31278
31343
31299
31222
31193
58379
60388
31174
31173
60781
31265
59937
31188
31191
32096
60390
31496
61317
60828
31526
60949
31205
31187
60645
31193
60718
31205
31205
31199
31367
58935
61083
61421
31228
31201
31244
31281
31201
31193
31205
31204
31200
31203
31247
31213
31595
31686
31474
31378
61657
43465
57634
31938
31347
31240
31219
31200
31201
31200
31392
31214
31204
55039
31262
31209
31226
58493
62231
31191
31191
31234
31204
31212
31170
48000
31220
31187
31197
31182
31196
31200
60208
31225
31292
31395
31244
31191
31197
51242
31223
31409
60525
31191
31427
31198
31904
31218
31552
31295
31224
31191
31254
32310
31722
31333
44883
31409
61124
31220
31365
31242
31269
61028
61454
47435
31196
31225
31195
31192
31184
31200
31200
31196
31184
31210
31190
31195
31199
31205
31263
31212
31194
31193
31179
31191
31195
31570
31209
31355
61154
58972
59957
58797
59249
39677
31220
56551
59261
31380
31844
32170
60121
60659
31245
31181
58788
60142
53579
36952
31375
31474
31452
31423
56462
56763
32148
61279
61628
60951
53012
59632
31738
31243
48961
44310
56156
56847
58387
31197
31207
43597
31191
33536
58370
31243
61067
31323
57898
31213
31256
31247
31235
58615
62400
31605
61334
60123
57143
31212
31213
45163
34310
31290
32504
31630
31225
58467
52627
31517
31927
61245
58878
31228
31211
51806
31280
31225
31431
31199
58834
31196
31256
53572
31366
60197
59842
33518
31201
62025
56494
58925
49607
31370
31391
31603
31833
31262
59513
55998
57692
42639
31231
31209
31190
31195
61174
31199
31206
31204
31197
31207
31201
31200
60266
60250
31209
61872
31192
31213
31199
31193
31296
31427
59471
31549
31959
58168
58557
31309
31449
53567
31351
60899
57486
58809
60010
59323
58387
56768
31225
31289
31198
62540
59231
48964
31245
31328
31271
57818
32837
57337
31471
57982
