1137
2734
1088
2945
2869
1129
3336
1129
2860
1143
2736
2746
1131
1135
1135
2818
1127
2945
1134
1129
1151
2746
3536
3335
3350
1128
2828
1088
3250
1127
2833
1233
2738
2744
2736
1088
3018
1156
2833
1144
2838
2840
1153
2739
2834
1124
1079
2844
2734
2784
2735
2825
1128
2741
1290
2824
2835
2776
2831
1148
2823
2733
2821
2838
2833
2723
1623
2828
1135
2845
1138
2831
1133
1188
2741
1128
1134
2806
1090
1307
2737
1114
1088
1570
1516
1315
1127
1127
1089
1128
2859
1148
2849
1127
2825
2890
2756
2727
1128
2763
1101
1140
1112
1128
2823
1098
2883
1163
2823
2868
1089
2789
2860
2820
2819
1089
2856
1143
2735
1088
1311
3353
1137
1128
1138
1509
1299
3361
1147
2878
1130
2906
1130
3684
2722
1088
2872
3689
3350
2841
1145
1128
2838
2904
2721
3408
2738
2803
1594
1173
2851
1526
1128
1179
1130
2800
1129
2734
1128
1134
2835
2756
1134
2759
1271
2843
2821
2832
2787
2870
2835
2842
2756
2837
2819
1129
1129
2909
1161
2829
1094
2789
1088
2837
2722
2829
1325
2833
2820
2723
2806
2859
2738
1131
2722
2843
1089
3192
3217
1088
3148
3095
3255
3236
1128
3122
3179
1098
1128
3124
3115
3174
1138
3175
3212
3237
3101
3194
1088
3140
3195
3153
1089
3272
3097
3340
3264
3235
3289
2411
2842
2850
3060
2815
2812
2761
2902
3351
2781
3092
2862
2837
2758
2900
2851
2848
2812
2949
2777
2738
3038
2856
2752
2854
2771
2805
2789
3002
2813
2859
2758
2739
2738
2740
2802
2885
2851
2891
3214
3688
2772
2775
2849
2752
2884
3418
1535
2753
2849
2911
2853
2753
3101
2905
2854
2739
1570
2855
2837
2739
2847
2853
2922
2786
2885
2754
2850
2952
2805
2755
2739
2783
2754
2756
3035
2868
3431
2804
3468
2741
2739
2804
2845
2751
2805
3388
2797
2760
3019
2885
2758
2872
3397
2759
2781
1544
1515
2849
2858
2903
1130
2875
2857
2879
1065
2861
2861
2783
1088
2887
2852
2755
2891
2789
2837
2847
2800
2756
2758
2879
2821
2783
2847
2960
3426
2870
2907
2863
2851
2874
2948
2857
2755
2845
2783
2764
2753
2905
2851
2782
2753
2837
2853
2754
2930
2873
2905
2840
2981
2849
2866
2883
2789
2856
2739
2802
2793
2755
2753
2784
2807
2738
2869
3443
2754
2770
2858
2862
2753
2771
2811
2850
2753
2872
2830
2859
2875
2852
2777
2752
2859
1632
2846
2849
2819
1516
2874
2865
2872
2930
2850
2747
3120
2852
2752
2936
1076
2858
2756
2806
2902
2779
2836
2812
2896
2752
2773
2846
2843
2775
2740
2853
3359
2890
2818
2740
2739
2765
2839
1534
2767
2752
1507
2872
2759
2752
1599
1558
2864
2757
3029
3485
2740
2827
2860
1517
2740
2744
2840
1503
2869
2774
3359
2837
3347
2847
3371
2760
2761
3474
2852
2868
2894
2842
2758
2755
2959
2853
3387
2847
3742
2836
2856
1522
2839
1516
2849
1515
2804
2754
2771
1516
2771
2739
2755
2765
2868
2882
2959
1089
2862
2756
2754
2981
2852
2979
3347
2872
2858
2767
1567
2857
1556
2756
1516
1517
2914
2739
2740
2745
2825
2914
2790
2867
2905
2838
2832
1690
2739
2749
2874
2918
2837
2941
2799
2733
2756
2912
2773
2901
2851
2867
2884
2836
2754
3005
2848
2906
2866
2789
2842
2836
2879
2774
2755
2863
2791
1114
2783
2774
2882
2918
2749
2738
2885
2737
2739
2867
2795
2856
2913
2879
2874
2840
2845
1088
2868
2838
2739
2806
2885
2855
2899
2876
2782
2755
1096
2805
2854
2755
2787
2820
1163
2734
1131
2731
1135
2932
2742
1089
2721
1127
2739
1132
2721
1088
2733
1088
2809
2721
1089
2733
1089
2838
3409
3099
1116
1117
1177
1089
1095
1088
1119
1096
2822
1091
3353
2721
2723
1141
1579
1088
1149
1089
1185
1107
1507
1153
1127
1134
1128
1096
1127
1300
1129
2725
2722
1091
2775
1131
1129
1088
1131
1088
1089
1089
1290
1130
2721
1127
1133
1151
2778
1159
1307
1136
2742
1169
1128
1143
3134
1088
1107
1088
3141
1088
1130
1089
3142
1134
3331
3165
3094
1278
1089
3172
3239
3126
1180
3175
1128
1127
1136
1237
1119
1128
1138
1128
3081
1089
2768
1121
1203
3089
1088
1197
1089
1185
1153
1127
1089
1089
1088
1161
2812
3117
3082
2736
1129
2718
3082
3114
3256
3100
3083
3229
3187
1088
3230
3240
3207
3239
3179
1374
1128
3094
3112
3188
3099
3159
3219
3202
3249
3206
3194
3223
3213
3216
3151
3110
3228
3223
3105
3460
2833
3082
3109
3208
3096
3150
3159
3095
3229
3214
3227
3096
3123
3238
3175
3080
2853
3348
3104
3157
1088
3208
3203
3365
3235
3099
2907
2878
3206
3240
3205
3246
3206
3203
3225
3099
3223
3235
3110
3095
1145
3225
3214
3262
3255
3209
3193
3196
3098
3097
3088
1066
3110
3083
3435
3212
3233
3245
3212
3191
3097
2802
3098
3092
3129
3117
3164
3242
3201
3203
3215
3194
3201
3204
3218
3082
3095
3256
3205
3191
3149
3226
3212
3192
3221
3205
3241
3236
3134
3206
3187
3254
3114
3203
3268
3086
3124
3225
3208
3084
3248
3212
3096
3105
3241
3097
3096
3141
2722
3118
3095
3469
3202
3209
3238
3252
3195
3212
3208
3099
3130
3226
3150
3326
3167
3099
3272
3270
3156
3103
3223
1089
3208
3215
3262
1127
1127
3178
3203
3182
3100
3097
3229
3125
3128
3249
3121
1118
3247
3566
3244
3211
3247
3210
3092
3251
1243
3129
3153
3200
3083
3091
3197
3207
1161
3105
3101
3083
3099
3160
3183
3191
3208
1080
3133
3104
3256
3252
3092
3242
3386
3080
3094
3306
3120
2729
3082
3311
1088
1111
3230
3112
3106
3212
3231
3220
3088
3221
3237
3247
2875
3139
2847
2752
2803
2840
2853
2838
2809
2880
2753
2754
2845
2947
2739
2737
2755
1089
2760
2750
2769
2782
2739
2738
2746
2862
2858
2857
2889
1125
1080
2851
2845
2904
2845
2755
