72399
43545
43674
43877
43550
70689
43537
77681
43658
72072
60682
43551
43707
43699
43568
43551
43542
43538
43625
43961
43536
43551
70750
71922
73129
43625
43697
49619
43630
43623
43624
43605
43589
43653
43603
43728
43631
43750
43611
43890
73142
72996
43697
43693
43704
43623
43546
43583
43539
43548
43626
72614
43611
43621
43573
43561
43589
43706
72243
73597
43604
70198
43974
43709
43774
72389
43556
43546
72645
70495
71592
76285
43818
44676
43952
44191
53073
43661
43940
43764
66877
66400
46081
54653
67891
43965
43788
71843
43589
54054
51906
45888
44416
67281
43614
70707
43624
43904
44576
43679
43572
43584
43563
43591
43592
43553
73331
43674
72424
43626
43667
43676
45121
70410
47164
48242
44922
44345
43991
72825
70644
43624
49681
43580
43776
43553
43746
48334
59420
43648
62421
72399
43688
52721
43537
71381
43630
43578
43600
72701
71834
59636
73197
44569
44360
61197
43568
43846
43625
69786
43787
51798
73544
67504
44228
44060
43703
72346
43752
71616
72493
43737
43596
72723
75019
72998
43645
52869
43685
43625
43583
74735
71969
72919
72912
44446
43633
43650
43621
43689
43677
43585
43576
43561
43560
43552
43639
74402
73858
43658
71254
43553
43566
43562
43536
72707
43574
43644
43673
43600
43597
43552
43681
43592
43533
43535
57625
43552
72706
43603
43595
43608
43556
73092
43569
43734
64401
43727
43595
43578
43564
74109
72832
43568
43548
43943
70159
71730
43556
43541
43534
43570
43831
73124
44209
47370
43903
43989
43806
43744
43694
43769
43672
43604
43582
47889
72497
56654
43708
43666
43588
43552
43554
43548
71057
59751
43669
43910
43821
43741
43702
44006
43722
43727
43707
44565
43848
43645
43985
44102
72736
71064
43569
44184
43810
73464
73135
72282
67980
72195
70520
73234
43540
43553
48989
43539
43544
43534
43531
70637
72961
70580
43523
55876
70546
43668
71842
43582
72814
58427
73423
70591
71983
43566
72350
71358
72141
73965
73145
44170
69775
69637
69325
71958
74510
69902
71962
72330
68150
71867
72433
71298
72857
73061
43715
44475
46622
43815
46300
43570
43565
44667
51363
46191
82080
46553
43641
44075
61503
66031
71068
63548
73477
71110
72979
43550
72533
43533
74610
73443
72281
71763
70397
44944
43570
43595
43618
70855
72765
72845
71781
72303
43537
43757
75720
78137
48815
44363
43876
43537
43734
71717
68324
43520
54938
43544
72803
43722
72262
70604
72832
70494
73171
43552
43547
43544
43574
43634
43840
43797
44033
43558
43586
43627
72711
71285
72308
67341
71775
43547
43549
43631
43535
43532
43542
43542
43579
43556
43558
43554
73866
73551
71634
73734
43557
43557
43602
43551
43548
43538
43539
43541
43545
43540
43562
43613
44087
43599
43585
43674
43632
43590
43577
43630
43584
43557
43562
43612
43707
43595
43578
43677
43546
43667
43560
43595
43576
43801
45149
43579
43567
71970
71670
69165
67858
71283
74921
43544
69783
72819
72809
43551
43816
69689
69405
43907
43737
73039
74278
43990
73377
43544
44085
43859
45020
44234
43569
43544
44808
43532
43543
43547
71976
72744
63295
69813
69843
69726
62042
43839
56201
50115
74490
70355
70771
72606
43794
44347
44056
43819
43639
78425
46842
43869
54858
43658
70422
45481
65352
71226
72267
61691
45274
43589
43524
43644
43663
43542
43608
43618
70444
54288
54374
43752
43717
43593
71027
43571
43620
69601
74395
71407
68924
43733
43601
46381
43626
43598
71207
43808
43675
68471
71381
43914
43552
43566
73123
43594
43553
43540
43562
43546
77419
48653
47049
43608
69748
70645
73421
43665
44000
45257
51213
47282
58103
58486
43562
43703
74436
49251
51041
46203
45763
51130
49097
46100
60128
71939
43573
43568
72928
72833
68398
71444
43544
43550
43545
43545
43550
44547
43547
43639
74273
72503
70149
74130
71519
44029
53639
43544
47832
43541
70554
73081
43543
72858
43573
72241
43557
72545
43541
43559
43535
43535
43530
51531
43543
43547
43559
71480
72022
73382
43539
74749
71455
43558
71513
71032
72652
43558
72761
43531
72900
43573
72348
43862
72375
43529
72757
43552
72763
43547
72457
70603
73130
71217
74256
73175
72181
72507
43898
43568
43600
43541
43558
43543
43544
43718
43533
75083
71521
43538
52974
70860
72604
43537
72826
70363
55038
69542
72013
43541
72520
43538
43546
54995
73381
71412
72683
71005
72601
43536
72713
43578
69756
43541
43545
43536
43536
43537
43545
43554
43561
43577
43532
43538
43655
43556
43550
43548
43531
43546
43552
43562
43536
43560
43538
43539
71712
44174
72118
71708
71850
56037
43577
44221
69685
44107
43532
48140
43710
44546
50562
49326
45117
43539
64866
71858
44156
74556
43661
43630
43602
43624
43627
43869
43571
44478
44772
50712
43571
43604
43862
43621
44695
43564
43575
43569
43587
43575
44654
43591
43946
43750
43602
43601
43578
75191
73301
72432
72699
76063
63701
73754
60156
70313
71039
66116
43599
45041
44585
74193
66570
72731
68543
74704
44420
46230
43622
43561
43582
43746
43573
47580
43875
72005
43685
43770
43624
73352
70966
72697
67086
63855
43541
63208
44498
43541
43535
43593
43776
44491
76859
71224
69984
73770
48695
46935
46808
44265
70777
56776
67173
44839
43847
43648
43559
70100
43553
44003
57738
60259
69221
67506
71370
44057
44002
72841
44772
51564
48686
46397
44338
43961
45810
72595
74890
45554
67180
70541
72208
76040
51886
51391
50577
44284
43882
43592
73421
70788
56640
60946
72194
58595
52824
48659
45932
49356
47768
46760
45887
59706
59653
43792
59492
71622
69090
43584
78099
74698
73755
46207
43655
43667
43552
45612
71965
43712
73181
52778
50610
45956
44356
44230
43547
43567
43781
44269
49526
58663
43572
72342
69870
64807
43842
43673
43621
69472
73382
43670
43773
43577
72952
72804
43588
43541
74774
74039
44330
49060
46937
48218
45546
50850
43933
64353
47330
44109
45108
70846
73084
46176
45406
45996
44082
44166
43682
43892
43829
44171
44044
44039
44399
44385
44022
44759
73237
68989
43560
43737
59567
43586
43783
70386
43540
43577
63955
73924
63665
43682
43751
43741
43634
43696
43633
74189
66806
43814
43982
69686
43570
43555
73009
75278
71780
43580
72377
43746
43624
72042
43550
43560
43579
43611
43625
69659
72572
44302
44358
44148
43991
44085
66963
43599
43552
43581
45060
58283
74561
43767
43608
43573
52675
43572
43541
43990
43559
43568
43545
72886
