131229
132449
131458
129555
102947
130910
103028
131717
102938
132399
103726
129123
132910
131820
129443
134304
130978
130331
102965
132325
132699
130996
131867
104221
131579
103270
129120
131418
102971
132285
129722
131760
104003
132118
129309
131660
103190
128541
102997
131572
129970
132317
111137
132872
131505
131596
130505
103044
131127
103324
108514
131503
131123
113666
130341
132348
129619
131895
133596
103994
104072
129111
130305
133693
131693
130440
130862
129851
133366
130524
130515
128970
133261
105148
133051
131291
129294
133575
105070
130603
132568
126813
131761
103423
132983
105280
103222
132888
131234
132731
133661
131739
105049
132846
131336
132915
129703
133193
133438
130198
129844
131920
102959
131923
131201
132433
130765
133277
133530
131593
130229
103737
104886
131004
129954
132390
130360
130428
102900
131993
103173
129474
132745
132194
130198
131717
102996
102939
132081
131368
132950
107575
129429
132469
103437
103882
103122
130070
134392
129658
133287
131878
103031
102985
103177
103031
103175
132036
132217
121034
130319
103000
132109
103255
131361
130094
132009
103066
131809
130074
129855
102933
102964
103012
103039
103210
131666
103006
131620
129989
130101
130804
129653
132043
129902
131236
129984
131860
103056
103114
103036
103067
103090
102991
103175
103285
104092
103047
103056
103345
103039
103132
103115
103195
103095
103569
103231
103142
103559
103145
103000
103041
102943
103063
103197
103123
102996
102946
103213
103181
103023
102984
103347
104154
103317
103069
103021
103190
102990
103017
103018
103002
103062
103200
103405
102972
102968
103120
103035
102997
131375
130958
132640
131035
102964
102952
103000
133340
134452
132045
129300
126833
130454
103136
131214
131396
130059
129450
131674
129570
131592
103064
103001
103046
103019
102981
103242
103013
103105
103020
103033
102982
102997
102965
103028
103017
103344
103058
103016
102983
103042
103021
103071
103050
103008
103488
103557
103006
132856
132441
102955
103053
103012
103034
102991
103494
103035
102995
103003
103021
102996
102998
103007
103280
102934
102981
102995
102933
102955
102959
102947
131999
102970
102960
131489
130209
131935
103009
132333
103036
131905
102936
132280
129975
102966
131743
131782
130402
131935
103071
131736
103027
102995
133603
132332
135296
132810
103184
129430
131114
102952
131949
102933
131756
130397
132504
132136
130152
132414
130322
131712
102915
129745
132416
131606
130126
131869
130347
131685
102976
132032
130860
132367
130807
103050
103103
133238
132377
131009
132696
132403
111190
130019
131962
130152
131336
129926
129508
131147
103000
131865
102943
132143
102950
102968
133554
132882
131864
130991
103121
127499
103382
129647
129471
103009
103122
102931
102952
102947
102925
102953
102986
103519
102971
102951
102943
102930
108479
102953
102954
102927
103037
103058
103105
102982
106883
132843
102980
130856
102947
103551
103088
102965
102969
103030
102993
103216
103157
103050
102991
133079
132745
103098
132206
139167
102933
102971
130548
103348
102987
102987
103022
102936
103084
103206
103082
103039
103435
103048
102966
103078
102952
102982
102977
103232
102963
103260
133332
132179
103372
132320
132832
102953
103019
102971
103312
102995
103284
103421
103024
131434
132293
102921
102988
102937
103044
133237
132877
102985
103007
102945
103041
102922
131879
102987
104097
127139
103031
102964
102991
102938
102929
103722
102958
102952
103479
102957
102948
102958
107463
133541
103462
132580
102920
102973
102962
102930
102948
102943
102932
130536
103027
102969
102990
102948
102980
102964
102975
103033
102996
103097
102959
103009
103023
102985
102960
102952
103002
102969
102974
129803
102970
103510
102955
102966
102966
102992
102949
103006
103658
102942
102950
102953
103087
102968
102953
102946
103400
103673
103230
102971
102935
102934
102987
102939
102991
103081
103139
103710
102989
103005
103049
102979
102963
102969
103007
102948
103525
103115
102965
103557
102940
102977
102961
102992
103011
102966
103722
103083
133511
132971
102997
102939
130505
102965
102958
131375
102924
103480
133117
132668
109279
102953
103058
103674
103265
132129
103024
131923
102948
102950
102943
102924
103130
102923
102928
102924
102932
102939
102944
126084
102950
103207
103075
103039
103795
103140
103085
103078
130101
103330
103013
103612
132431
105548
103381
131791
102954
103005
103025
103039
104010
103023
131974
103090
131517
102983
102944
104044
130468
132089
133695
122795
115923
107702
130565
103025
103002
129997
131429
122030
126348
129991
104614
105161
105739
131284
131871
135846
134077
133238
131624
131445
131653
103271
127982
131728
134740
109122
103074
127797
132477
131391
128078
132028
102975
132874
102989
103769
109203
131739
102975
129835
103296
103359
106847
132757
131072
133138
133513
103692
104650
109776
103959
131841
129546
131907
132318
134029
134088
133232
105021
104693
119009
131298
118727
106391
121019
127210
132429
128094
131133
127022
130263
138021
131275
132335
131127
132624
103652
113109
104479
104893
132931
103744
130087
131317
130712
132053
129895
127063
114987
111719
114953
131652
130918
130745
130572
108928
102977
135997
106073
105369
105350
131653
126715
123665
102980
103697
108118
126412
133345
133642
131635
130932
130457
130951
103119
103075
103727
109919
124708
131343
130730
131465
129766
103607
103879
132060
127379
104484
124397
133360
134355
118769
133383
104632
130264
103173
102988
110762
103557
132340
105991
130385
130163
131375
103774
103394
103841
128431
132241
112886
106829
117297
133913
124820
104816
104930
104410
130733
104360
120835
103288
131554
103844
128726
131579
130169
143616
104682
126769
104069
110291
129839
123667
127814
135968
126134
126648
104003
104756
126377
131387
129737
131900
109999
141624
108858
131823
107924
118537
131433
133462
114011
127590
131868
103235
131117
133110
128597
104092
121329
130702
130009
129450
103419
131329
137807
132543
131655
131950
136787
104047
103278
128146
105409
130852
131534
103668
108009
131702
131822
128894
104218
122057
133280
103139
103259
128194
104904
111824
104836
103603
124282
131664
131502
138272
118685
132366
129971
132844
131482
125445
130432
110004
130014
105265
132350
107584
107607
105744
132165
128421
134231
132421
117970
128684
131283
132364
131143
132299
106328
129666
131728
132758
130693
133821
105718
103667
107561
122086
119058
135143
128680
144187
106612
131900
130725
103302
103123
103206
103626
130745
103025
103723
112727
104109
125044
104624
104259
130844
129337
103035
103160
129104
103067
105342
122900
102970
103035
102995
131522
130081
130699
131850
130864
129910
102987
102969
103398
103011
103980
103319
103414
103304
104720
130880
102967
137871
104775
119436
112322
129908
131774
102969
103032
102972
107676
103254
103021
131362
131389
132433
102940
130902
129105
103190
130482
116938
103939
112916
114846
119462
111799
106252
103013
129061
104213
112271
106400
103758
133485
103660
103314
109302
103387
127174
103318
103095
103803
113006
104333
105110
131378
132333
111010
111937
103267
104662
