88713
88449
65277
85998
85481
58765
87254
58886
58524
58775
85414
57958
58197
58109
86348
86844
60331
59643
58648
86935
58042
86316
85792
85238
85058
85307
57957
57971
86169
85520
85235
57963
57948
85813
85627
57937
57954
58147
86162
85407
85704
86014
88020
87165
57995
57976
85316
58176
58276
85783
84762
57956
85745
85582
85360
64291
87150
85169
85464
85566
85242
58014
85907
85005
85184
58045
85818
85257
85612
58025
58012
58236
58019
58044
58066
58167
59184
60369
85064
86914
91160
85480
58123
58015
58027
86177
83878
85755
58104
58250
86138
85532
84943
85005
85165
85323
85220
58226
98841
58688
65406
58164
77677
58056
58129
58348
58309
89713
62486
60823
67161
58434
83714
57958
87117
83945
58862
81657
60757
58052
58012
59116
86147
89244
86511
86892
59676
84509
86534
58495
86653
58170
85827
58015
58034
85851
85933
85359
57957
85927
57995
57951
86299
58065
58012
57973
57962
58080
57986
58107
58155
58613
87268
88653
84518
85153
84772
58739
85016
58200
58062
58166
58027
86077
85454
58005
58071
58034
58013
58031
57987
58037
58056
58015
57993
58059
58025
57995
58646
58458
59048
72591
73932
88273
58150
86995
57990
86458
85106
58126
58043
58117
87826
89210
86314
58285
58812
58358
58192
58195
59019
58949
84956
85242
86881
84686
88726
97635
62185
58144
58068
84127
57974
85198
85552
58131
58672
58041
58049
57994
58627
58042
85970
58399
58631
87577
58515
58045
87931
88475
58055
87097
87708
87120
58196
85793
57955
85504
86925
88377
84946
85140
85674
89917
80406
58514
85771
85091
58431
59872
58181
57983
86621
85894
85377
85311
85504
87177
86439
58004
85544
58010
57960
58060
86272
85544
85691
85192
85300
85485
85042
58345
85502
85077
87495
86695
57997
57978
57980
86520
58290
57998
58013
58105
58020
58207
58031
85288
57985
85571
85481
85341
57992
58087
58255
85857
86316
65942
86222
85387
84812
57974
64067
87022
86055
85102
85761
85117
85538
58065
85867
88830
86690
85989
57954
58053
57950
57960
58167
86747
88092
57987
87473
58159
58149
84090
58044
87001
86420
58237
85620
58052
58468
58901
85480
58100
57980
58164
58005
86760
85752
85164
85536
85483
87318
89067
83427
57998
86554
86356
82541
86274
87185
57940
85269
57973
84845
85006
88688
70939
87381
79415
58596
85931
87645
86358
85690
59057
85149
65955
89472
60796
59308
59182
85958
57988
58180
86371
58263
58208
58357
85793
87924
87737
87261
86438
85605
85111
85633
85211
58041
57925
86274
85388
85966
85723
85400
85760
85422
58014
85161
85380
73021
86346
86013
85116
85222
85687
59169
84783
85152
87773
72969
87032
86185
58365
58275
86643
59183
58908
58089
86069
85935
64078
84535
84576
87660
83549
88736
57975
87593
81566
58014
86284
70158
85677
58103
85483
78000
84943
85361
58049
85644
85305
63490
86857
85830
86045
85797
85389
58016
58427
85756
85265
85627
85280
60387
58259
83266
58135
82446
58015
57934
85136
85606
58199
58376
58362
58391
58448
85853
57969
58058
58294
57964
86686
85672
58001
85991
87338
87962
86978
61155
84780
84954
58080
71433
86635
64509
87117
57999
85835
87036
85376
85566
58068
87501
87334
85768
59196
86749
58011
58077
88232
85580
58061
58062
87403
86346
85601
58138
59213
57971
87417
88882
58127
87090
82016
86626
85580
86028
85764
85442
58767
86869
89050
86171
85761
86073
58132
85559
85479
85407
84706
85471
85131
85463
85265
85738
87245
86594
85588
85301
57970
86081
84934
58019
57986
86415
86409
86214
58133
85135
85676
58382
87512
86590
86400
85322
85783
85666
86025
86010
87087
87001
58392
85265
57994
85771
85483
58180
85009
86037
87215
58003
85702
89058
87297
87959
60522
57977
85657
58058
86344
87141
83753
80312
60722
58151
57943
58363
86657
71392
58045
87288
86316
57951
58299
60010
58266
57962
57953
84823
57959
57958
57979
57944
57966
57936
57952
58014
57997
57985
58094
58038
58135
58042
58183
58010
58241
58059
58163
58063
58108
58139
58744
58023
58554
58077
60730
60677
58086
75275
75135
59302
61796
83592
58323
58350
59072
88019
85623
86083
58023
58078
87004
87060
87220
89198
83100
84776
81810
58878
58201
59613
58792
57996
58109
58036
58794
58604
58308
87717
89817
89443
87252
87595
58252
87663
75854
83002
58097
58113
57964
87965
86344
85860
86389
86820
57981
58004
85734
57981
57965
57935
57939
57958
57956
86513
58298
87061
57913
84814
58022
85505
57943
58378
58004
87848
88688
58017
58040
87128
86828
86296
98983
59704
87220
57964
59696
74899
84623
85056
85644
83525
58719
58085
57987
58211
58156
58005
57962
57951
58001
58587
57984
57971
57986
58046
58021
58022
57977
58491
57983
57971
58413
58179
58090
58314
58097
58449
58828
58134
58125
58315
58270
58107
58423
58158
58708
58026
58026
57999
58070
58022
58012
57970
58354
89251
90129
58006
73989
58639
80363
58687
58375
58038
58238
57933
58042
58163
58157
59118
58775
58795
58140
86938
58141
57997
57972
58550
58092
87044
58718
57947
57987
57983
57952
58188
57950
57948
57940
57942
57954
57958
57937
58810
86071
87087
57971
57964
57969
57995
57983
58359
86919
86619
58266
58421
85064
86244
58103
57980
58103
57985
58013
58092
58374
59008
86645
85817
58441
85843
58006
57991
58498
58201
57992
58108
84701
57949
57924
57931
58197
57973
88505
87751
57990
57992
57956
57975
87022
57956
57950
57953
57946
57926
57928
57989
87275
86677
85964
57952
57937
86530
58629
57990
57994
58331
58014
57945
57983
58070
58637
58194
58102
57991
58074
59771
76703
87107
69508
86228
58762
57943
84591
58001
57986
58123
84239
58339
58214
86666
58011
86299
57978
57983
87627
84705
87271
86034
86457
88567
58053
88438
88034
88799
89581
89777
89351
88097
88421
87976
85253
59402
62418
70757
71924
58038
80062
82669
85161
58291
58240
85935
59130
76771
77260
72253
84095
86756
69546
77439
86929
84979
58831
68706
74238
70896
58950
58796
71236
91654
81329
58731
86550
86731
84727
57938
85099
84368
85825
60288
57958
58192
58151
84899
58113
85030
85446
57950
57973
57993
58210
59854
58258
58180
58928
58382
58575
58067
57963
57951
57943
57949
58020
58498
58277
58194
86438
86787
85283
73803
57981
58169
58017
58053
57996
58171
58711
57926
58014
57965
57958
57977
57960
57930
57938
57927
57962
57941
58167
57949
58188
58159
57956
58304
58420
59026
85235
