26948
26648
48936
27019
26651
27010
27671
55845
26882
27527
26919
27005
48543
26442
26978
27138
27032
27809
27157
27261
26980
26686
46781
26701
26535
27047
54232
26554
26729
26696
48094
26513
55037
54885
26333
26790
26752
27138
26851
26803
27299
27067
51511
27113
26768
56303
51836
26789
26880
26554
26895
27201
83285
26913
27226
26905
27026
26566
26733
26543
26436
26507
26726
26681
53855
27690
54793
39502
39587
26617
26821
26656
53946
26742
26868
53521
26493
27315
27332
27378
26800
53960
26720
26769
37210
26943
50819
26971
46795
26162
27051
53687
26712
51625
27179
26552
26669
27374
56203
26945
26882
26883
26779
55391
26194
26392
26608
26387
26531
26757
26345
27094
26414
27049
26735
56615
38287
37673
26807
27470
26494
48130
26542
26717
27487
56665
26336
50927
26855
54869
26439
26883
26441
26659
26462
26866
26973
26855
52423
26560
46594
26388
26214
26107
54738
26611
50617
27557
26922
49742
26384
27538
27088
26897
26570
26571
26672
53537
26720
27129
26959
27553
27035
52915
26436
26223
26234
26381
51726
53184
26867
26334
55555
26358
26504
26702
26375
26898
28678
26874
26509
26280
26786
31492
55616
26883
26471
51462
26645
52173
26401
26439
27169
49589
26661
26545
26701
26572
26524
26662
26649
26438
26516
26631
26390
26352
26722
52979
39227
26376
26508
26406
26723
26961
26667
26700
26926
26960
32492
56839
26567
26820
26599
26739
51728
26609
53186
26655
26718
53670
50359
37083
43177
26302
51474
44638
26612
26441
42398
27191
26928
26242
26259
55892
26492
26334
26312
26622
26544
26595
26500
26762
51769
52764
42949
26475
37201
26372
26518
47131
52995
26486
49519
26731
26555
52286
26094
26582
26667
51777
26948
26683
26824
27013
26448
26931
49442
48699
56010
27533
47838
36444
55514
54446
52107
26885
26566
26672
26395
26420
50459
26974
26796
43969
37061
36635
37473
55777
26614
27057
27535
56196
56075
40325
36741
26787
50550
51064
26793
26653
26924
54397
44485
26511
26482
26778
53554
26474
48776
28657
55150
53382
54887
26829
26552
26725
26523
26463
26443
26607
51123
26797
55374
26307
26609
49093
26840
26728
48389
26463
26550
52211
55164
27441
48858
51397
26616
55497
54456
53723
27197
26909
26886
26595
26339
54808
52630
26754
26707
27094
50547
51694
51013
26576
26372
26322
26351
26177
26423
45233
51936
53818
51253
26573
26649
26856
26361
26505
26372
52955
26474
26708
36825
51836
56292
51478
27171
56015
51701
27044
29419
27539
56831
26618
26466
26368
32853
54521
26551
26613
53857
46572
26875
52138
26645
52569
26890
26487
26934
50595
48226
27397
26893
50489
56842
27143
50736
46896
26795
26573
27179
26665
55789
27538
27655
27040
43053
55111
26785
27498
38006
27241
26271
26349
26268
26448
26390
26392
26444
52359
34757
28442
28594
53212
26259
26413
26721
26611
26800
26318
44154
55994
26334
52790
26080
53525
26396
26369
26397
26347
26254
53408
26539
47037
53603
26458
26287
26366
26414
47581
48566
55990
26763
26864
54173
26083
26131
53934
26360
52265
49503
53072
26827
53609
55066
54134
26250
30326
54103
53788
54011
26911
27100
27225
50921
40291
57001
26135
26093
26557
26741
52081
54087
26181
51270
38833
26564
26618
26301
26806
26523
27634
52868
53947
26773
48674
27069
27053
36584
49886
40847
56067
27517
26500
26439
45438
26510
56487
27225
54036
53119
26231
46843
43242
31212
54137
56309
26399
56593
26725
27075
57770
52558
26800
26962
52802
41074
40345
39950
39923
51166
26938
27117
26524
26660
49705
26693
26781
26787
26350
53981
26441
26626
26917
29113
50720
52520
26526
26487
26125
26070
58440
52485
26679
27193
26607
26532
45261
47803
52531
26940
49148
26680
50903
50476
55408
52588
47125
28575
50123
26452
26869
26365
26913
26585
51871
29296
26330
26878
52681
53967
46895
26376
54091
42638
26605
26417
26543
26593
26649
26586
26589
26868
26636
53869
52293
26600
26943
27234
27051
27456
27108
26878
26927
26562
52529
27239
42812
48563
26705
26922
50752
26224
51608
26686
53123
43384
26443
53258
26308
54210
54218
26669
26838
50970
26612
26746
50397
54287
26230
47890
26174
26426
26339
26728
26588
46204
26490
50665
44199
26401
53040
26532
27011
26614
55253
26583
26811
27004
54338
39491
27487
26768
54816
53770
53413
26448
26572
26173
26454
26451
26375
26137
26207
26199
50468
53018
26203
26394
26385
26861
26589
26730
27305
27451
27164
27350
26860
26333
26680
26797
26527
26746
26920
27102
26370
27050
26287
26792
26659
52957
26192
26753
34378
28522
26503
26772
53497
26483
26687
26230
42349
54084
53138
27086
26789
27533
26809
26656
26337
26731
26256
26882
26835
26881
26516
31859
53366
50986
26327
26467
26438
50038
26869
26751
26409
29950
56163
26667
27000
26603
26791
50780
26338
26349
47708
26290
26419
26319
55068
27157
26261
26667
26922
26437
34644
51244
26281
54435
26788
26325
55057
52898
45446
27087
49879
48710
55956
38405
26528
26924
26513
26374
26531
27051
26574
26618
39518
36660
50959
52013
32425
55012
26765
48912
26792
26460
27241
54853
26317
52321
28331
26935
39931
55498
26063
55527
26834
26707
48443
26619
26363
49402
26226
49917
45306
26620
27008
26917
26703
52514
27597
26630
56034
26398
52207
26450
47452
26245
49967
35381
26495
26664
53006
51852
37771
26698
44892
27178
27300
51999
26552
26494
26903
26486
26211
26518
49473
50611
26818
27266
35574
26405
26404
26504
26324
49659
27076
27253
34648
54684
26968
53213
26409
55874
33324
27030
26578
26728
36702
49602
26365
26496
26464
36616
26557
26228
26787
26253
26339
52195
46194
26471
26805
26508
26145
27183
26753
26663
26362
26107
53501
26314
27567
26492
27082
26459
53128
26319
53296
26158
29445
40481
50899
49035
27100
26541
41527
38307
27022
27174
26976
27146
27118
52254
27023
57045
26714
47228
27088
26876
26465
26954
26771
26641
27066
26399
26640
54077
54495
26248
27159
54304
52301
53135
57534
26895
27267
27585
26809
27340
26665
27152
27153
27080
56186
27443
50751
26591
56026
53429
26652
26793
26429
26290
27039
27026
49613
26649
26216
54798
54275
26133
26559
26460
52863
53655
26483
26920
26824
54806
28140
26703
52719
26337
53770
26190
53248
26965
26856
27119
38315
55561
27008
26692
26703
54955
27205
27340
27152
26770
50702
26563
26467
52423
53625
43544
52210
52904
26128
