291
713
285
286
310
285
285
285
286
285
285
285
423
285
294
304
427
452
277
441
738
442
286
425
442
738
442
294
286
429
286
428
428
471
754
295
428
443
492
443
738
286
286
442
286
740
450
285
328
305
277
447
751
428
296
428
714
450
444
446
296
738
428
428
285
280
428
428
286
428
741
428
298
438
737
447
428
428
446
428
428
464
737
288
442
443
451
285
442
450
427
442
285
291
739
428
442
291
295
295
295
295
740
285
295
428
294
295
300
285
286
285
285
295
295
285
714
295
285
739
295
295
426
442
285
295
286
285
312
294
296
286
285
378
295
363
714
428
294
285
285
294
295
295
286
286
796
738
304
737
749
737
810
287
285
290
295
451
295
305
295
737
294
295
296
747
285
738
744
285
301
752
762
751
291
314
754
284
752
752
752
759
301
751
752
308
301
301
752
762
754
821
281
291
726
763
307
301
752
294
752
300
301
300
751
754
291
314
291
751
752
301
300
307
291
301
773
752
857
752
767
291
291
753
751
303
752
291
354
752
304
752
300
302
301
751
752
291
291
751
739
737
743
713
737
286
737
737
738
737
739
312
286
285
818
738
748
737
295
295
285
737
286
302
713
713
713
713
714
286
285
285
286
291
293
295
729
714
277
712
737
422
289
425
295
285
428
295
295
294
295
428
295
295
295
295
295
295
295
285
713
307
713
296
296
286
301
294
285
739
441
288
294
294
295
727
301
314
301
300
307
752
300
310
300
727
302
301
291
301
307
727
297
726
727
726
291
313
291
727
335
301
300
741
301
301
300
301
728
741
292
301
291
727
727
291
727
742
727
740
727
742
727
291
292
291
291
301
310
291
291
301
302
301
302
308
291
300
291
316
301
300
303
299
313
728
301
301
410
309
301
301
727
301
300
292
299
292
314
301
727
291
291
311
291
297
302
728
302
300
301
304
292
290
300
291
291
328
291
291
291
291
292
291
291
290
291
291
291
291
291
292
728
291
341
301
300
302
300
301
346
305
301
301
312
300
300
304
308
288
300
301
301
291
290
300
301
291
300
290
304
300
301
345
291
311
300
308
301
762
291
291
300
301
292
314
752
300
300
300
308
291
301
305
291
291
301
301
300
316
301
301
291
301
303
361
298
293
293
305
291
291
291
291
300
301
302
301
291
291
291
302
300
300
744
301
300
301
301
291
291
294
290
290
291
378
300
284
301
301
300
301
306
300
300
300
310
300
301
300
340
300
301
301
301
301
301
301
300
301
300
301
322
291
301
311
300
301
300
301
301
728
291
291
300
301
301
301
285
301
302
301
301
307
301
301
301
308
301
301
301
307
301
301
301
301
301
301
301
302
301
793
300
300
301
300
291
295
301
301
301
300
300
301
726
300
301
301
301
392
300
301
293
291
291
290
291
308
350
291
307
291
291
291
304
291
291
291
297
290
291
291
291
299
291
291
301
304
290
291
290
299
727
301
312
304
291
291
308
300
301
303
301
291
291
301
291
291
291
301
291
291
301
300
290
290
298
300
291
300
301
336
290
291
291
298
301
308
291
307
307
300
310
291
300
301
301
291
301
301
291
301
301
305
301
308
303
301
305
303
301
318
301
301
291
301
300
291
301
727
291
290
291
301
301
304
301
300
291
291
301
291
291
303
291
291
291
291
301
301
301
301
300
291
294
291
291
291
291
291
303
301
301
291
290
291
430
301
291
292
291
300
291
345
301
300
301
307
300
315
291
291
300
308
301
301
301
300
290
306
302
301
290
300
301
290
291
291
291
303
728
301
301
301
302
301
301
300
345
299
300
300
301
309
291
301
301
300
302
290
300
301
301
301
309
300
291
301
334
301
301
300
300
301
301
301
300
300
301
302
305
301
301
300
300
756
303
308
291
291
301
291
291
301
302
283
337
301
291
291
294
301
727
296
466
299
309
311
312
299
299
309
298
309
318
308
312
308
309
316
308
308
311
311
309
308
308
309
315
311
310
311
310
311
315
309
309
308
308
309
309
309
309
309
308
308
314
310
310
317
309
308
308
309
309
309
308
299
299
301
310
315
310
299
308
299
299
299
299
312
299
299
313
302
295
295
309
296
410
303
303
303
306
304
305
305
305
303
321
546
762
295
736
297
738
314
713
295
311
448
295
451
294
442
296
295
442
294
301
428
285
429
285
453
295
294
296
438
446
286
285
427
285
286
285
285
285
450
296
295
295
285
443
315
323
442
286
442
296
442
285
442
286
471
286
286
286
285
450
301
301
301
291
300
291
300
291
301
299
300
