12851
33526
33462
33724
33488
33164
33374
33510
33470
32819
32690
18604
18817
18831
33622
29729
32642
32980
33171
32685
32384
32641
34070
36721
36504
36622
36702
35608
33223
30217
38564
13153
37812
18095
37530
13175
25184
37273
26802
13517
39253
20006
19669
19633
36417
39495
39768
17938
17938
18284
18358
40245
18142
18032
18143
18157
18143
18728
18267
39262
19708
20289
13423
13228
30797
13113
13180
13190
34724
32920
32679
32907
37477
34060
32603
32349
13243
32546
13204
19918
13181
13254
13282
13219
19796
13384
19777
19865
13234
18151
30581
20026
13182
37588
20082
37987
13321
13587
13376
13520
33208
13136
16558
12993
32963
20070
13745
13275
13167
12944
13039
33139
37540
36878
18304
37384
19725
33191
32750
19469
19540
32628
13059
32462
13040
32426
19455
19589
12942
18802
18603
13147
17900
18629
32950
36093
37506
33018
32833
33515
18333
18317
38440
40392
32237
19839
14191
19605
13288
13509
13301
33116
29938
20092
19774
37901
18688
18485
18440
37370
18466
33429
39980
19096
18286
18641
12893
40651
34467
18516
31038
18163
18536
18614
18371
18269
19098
18461
18493
18751
18520
38484
18772
18743
18849
18377
18519
18394
18223
18951
18605
19013
36609
39125
32767
13225
33986
37533
25261
14469
33176
32736
24667
33289
19924
30343
12846
13362
13132
13993
20777
34728
35139
32856
32530
33627
32882
32840
32497
24109
33189
33942
33503
33002
33537
32757
33263
32904
32949
33006
32870
32841
33132
32814
32747
33157
33453
33237
27142
32685
32936
19682
33324
32651
32923
33060
32612
32808
32935
32643
32756
32503
32429
32757
32728
13008
32627
32970
32533
32927
32532
33036
32560
33136
32862
33140
33327
32908
33888
36609
33542
32502
33471
32484
33417
13224
32583
32769
13679
33211
13481
37433
13354
33484
34581
39357
38000
18774
18437
34002
18531
18810
19063
40841
20117
13000
19696
30251
30633
13022
12986
20079
13213
19731
20011
13152
19392
25110
13408
19437
20274
19624
28378
20123
13643
34809
20248
12977
20280
12924
19986
19455
37073
19720
13412
33119
13452
12840
13126
13157
13630
13312
13210
13572
13369
32468
32866
34540
36724
36969
36790
39829
18163
18256
38515
19755
38750
19505
13232
32784
32543
32712
32755
33033
32692
33463
33226
33193
33337
33255
33384
33503
33228
36422
39068
13113
18744
17916
17920
32928
17928
13444
33350
13251
13494
13309
13442
36847
13262
36203
12850
12849
34260
35375
18845
24244
34025
12918
32468
37273
32358
13183
18010
32931
13660
33432
23164
37002
33182
17910
17919
16509
12875
12840
12869
15769
35363
30874
33046
17905
17946
17720
12853
32396
22431
34133
37319
28206
12909
12865
12908
12862
12878
33292
12852
23535
33545
33111
28183
12887
13706
13061
25626
19279
13563
13265
13131
32207
32734
12923
13181
12981
13211
12894
13018
12892
13079
32531
33186
33302
36580
39267
33218
37273
39169
12920
32830
12875
33286
13105
15707
13016
33126
13018
12986
13167
13271
13221
38318
36244
17955
18020
18515
32370
13615
13541
17993
12984
40916
18089
18392
18373
18034
18048
18021
18278
18234
18197
32721
18698
27812
30515
33911
12882
12952
13154
33082
12924
32909
33900
39474
36114
36825
38209
40561
18505
33988
18591
18717
18635
18275
18307
40044
18180
19099
14689
13204
13056
13148
24404
12865
13292
13286
13401
13130
12938
24339
13643
31667
18512
18088
16459
18393
33241
37195
38738
37565
32496
12942
12887
13356
12980
13133
13176
34610
39573
34917
32855
13383
39548
35130
35860
18382
18309
17958
18211
18035
18141
19582
13110
12875
32285
32372
32636
32902
13056
33136
35556
30072
13110
12938
13228
13127
13112
13063
32243
32254
13383
29808
13571
13432
13102
13405
32464
32308
32507
19716
39321
13446
13226
13126
32920
12974
17706
33588
17733
33172
13307
13286
13322
13001
13110
13151
32489
36598
33010
32433
40022
18227
13225
20998
19762
19627
33094
36688
33532
33151
33424
32553
32947
32622
18456
32408
32183
32929
13083
33149
17980
36759
32245
32281
32912
32255
13462
32839
32423
19441
32455
33040
15546
13404
20033
32675
32630
13263
19775
32340
32838
33307
19540
13185
20033
19451
19283
13607
19841
29153
38859
40147
39983
32270
13128
37148
19934
13059
32663
19992
13143
13340
33184
31840
13110
12854
12935
12943
33293
12932
33016
13411
13429
32688
13451
13014
28553
13150
14058
13274
19706
19803
13410
19634
19768
36749
19631
13094
19779
32892
13196
33199
13436
32817
13619
33857
32642
19975
32871
20437
32431
19929
34570
32843
32298
19751
32433
13514
19663
32665
32377
20226
32576
19992
18502
19790
13283
32840
19918
32271
19697
13678
36910
22504
32790
32530
13603
32512
13456
32311
13316
36806
17577
32319
18068
18239
32348
13458
32547
32926
36812
32721
32178
13772
32918
13054
13538
19558
13123
13180
13367
13326
21263
12921
32286
13203
18679
33357
32721
13096
13237
13095
12964
13044
12992
12968
12934
12940
12874
24719
12941
13131
32873
13107
12948
13404
13030
13045
32607
13169
16049
32308
13122
13451
37071
19418
32391
16639
13349
32488
13511
34524
38578
37021
31340
37161
37140
18167
18008
35611
32332
18813
36558
34812
30577
32987
33029
33022
32813
32625
32586
13276
13147
32466
13223
12905
13114
22320
32591
33113
12982
13236
35512
19491
13141
19473
19749
19675
19501
32410
13231
32439
32731
33825
36575
32869
37267
32859
34995
32895
32659
33355
32913
13604
15687
13204
12885
23733
26239
13288
13237
13054
13212
13152
33325
13367
13325
12888
33007
20532
13048
13676
13194
13393
13331
13311
33529
33398
33763
33901
38463
39631
18390
18269
37264
13101
16716
12946
33812
13346
13238
32819
20114
20212
14772
13349
33303
32408
32656
37276
32854
36254
13072
13104
13583
13461
13258
13384
13056
13279
13034
12997
13097
13208
31476
13145
12952
33419
19724
13358
13458
32983
33027
13187
33301
13207
33013
13290
18189
32468
32714
37313
37360
37346
18179
18373
18369
18351
18235
36921
13159
19669
29666
19938
19478
19445
32241
32625
19314
34492
36260
32406
18504
17932
17925
37359
20020
13582
33428
13144
37875
39123
13083
13142
39459
19023
12920
28266
34527
32738
32874
13709
32809
32254
34528
32552
13423
32416
32856
34428
12879
13203
12950
33211
25760
12869
12924
13404
13225
13029
13148
32606
13185
12882
13396
13256
32008
13260
12922
13036
13063
13133
32208
