2703
2632
1044
1095
1044
1044
1056
2687
1117
1044
1048
1053
1044
1050
1066
2652
2610
2609
1069
1084
1051
2696
1044
1050
1045
1051
1046
1056
2632
1054
2638
2608
1050
1046
1055
1055
2628
2610
2715
1043
1051
1109
1164
1088
1085
2748
1045
2727
1057
1045
1108
1082
2665
2679
1043
1045
1127
2653
2611
1044
1075
1044
1106
1044
1044
1045
2626
1044
1044
1081
2611
2613
2609
2611
2611
2627
1047
1044
1044
1044
1044
1045
1044
1047
1052
1045
1051
1044
1049
1044
1052
1044
1162
1044
1050
1044
1099
1045
1047
1048
1099
2978
1044
2956
1045
3068
2623
2609
2611
2635
2639
2626
1044
1080
1045
2960
2658
2610
2611
1046
1115
2979
2682
2677
2636
2611
2957
2982
2632
2669
2971
2971
2611
2957
2688
2625
2628
2665
2624
2659
2626
2844
2628
2624
2669
2704
2627
2626
2627
2659
2634
2642
2647
2669
2646
2643
2643
2793
2648
2682
2634
2635
2734
2644
2733
2672
2765
2642
2666
2679
2627
2630
2663
2627
2642
2731
2645
2642
2643
2670
2666
2636
2642
2628
2635
2628
2627
2627
2626
2644
2641
2640
2688
2638
2767
2673
2651
2642
2638
2631
2627
2626
2684
2728
2709
2691
2643
2653
2680
2659
2649
2628
2627
2723
2635
2638
2643
2645
2642
2907
2640
2640
2628
3014
2641
2726
2789
2661
2645
2642
2648
2646
2647
2660
2628
2726
2708
2649
2640
2640
2696
2641
2765
2644
2628
2628
2628
2669
2674
2707
2730
2682
2643
2718
2642
2625
2646
2628
2635
2643
2694
2641
2642
2641
2704
2681
2661
2648
2629
3081
2642
2734
2690
2694
2654
2639
2715
2641
2626
2627
2659
2653
2642
2656
2696
2641
2637
3238
2649
2734
2731
2671
2969
2599
1044
1044
1059
2627
1045
1044
2739
2647
2694
2650
2617
1099
1044
1044
2641
1044
1044
1044
1094
2617
2630
1044
1055
1045
1137
1046
1055
1068
1101
1086
1090
1082
1089
1082
1123
1104
2627
1051
1044
1052
1047
1051
1415
2610
2643
2610
2679
2623
2661
2632
2670
2625
2650
2665
2642
1088
1045
1107
1044
1063
1182
1093
2637
2638
2673
2643
2641
2640
2640
2642
2784
2752
2627
2642
2628
2628
2641
2696
2642
2754
2644
2773
2702
2674
2856
2742
2649
2704
2686
2810
2675
2794
2959
2801
2773
2864
2732
2725
2719
2724
2734
2609
2632
2948
1097
3115
3013
3051
3082
2738
1095
2972
1103
2957
3005
1094
1055
2662
2647
2915
1082
1146
2741
1087
2881
1087
1090
1082
1106
2610
1044
1116
2789
2668
2630
1064
2773
1043
1458
2668
1044
1123
1099
1082
1043
1043
1046
1050
1044
1050
1044
1094
1082
1121
1044
1049
1044
1050
1086
1089
1045
1044
1095
1046
1044
1082
1065
1084
2664
2719
1058
2623
1045
1089
1044
1045
1044
1082
1081
1082
1088
1044
1052
1045
1083
1081
1045
1116
1061
1074
1064
1082
1065
1072
1095
1078
1064
1068
1110
1065
1172
1103
1111
1101
1087
1063
1065
1065
1083
1046
1081
1101
1054
1083
1060
1066
1064
1064
1067
1110
1071
1064
1088
1066
1071
1073
1102
1101
1082
2608
1047
1081
1083
1236
1059
1119
1079
1082
1060
1081
1096
1044
2629
2671
1050
2691
1219
1069
1044
1051
2625
1078
1978
1045
1217
1045
1050
1044
1059
1071
1081
1044
1044
1088
1086
1106
1044
1090
1111
1121
1083
1081
1082
1043
1090
1045
1088
1084
1071
1074
1045
1078
1044
1052
1103
1080
1086
1082
1044
1047
1094
1044
1082
1070
1082
1082
1045
1604
1102
1065
1103
1065
1168
1103
1102
1091
1126
1111
1063
1111
1064
1074
1065
1072
1079
1090
1080
1079
1094
1121
1130
1119
1129
1072
1135
1093
1133
1093
1157
1125
1132
1140
1151
1179
1134
1137
1132
1131
1118
1110
1094
1139
1099
1166
1093
1120
1065
1065
1065
1065
1092
1065
1082
1103
1109
1071
1140
1072
1103
1065
1128
1102
1105
1109
1103
1108
1103
1142
1103
1102
1103
1122
1144
1103
1111
1082
1063
1103
1101
1065
1103
1104
1229
1084
1078
1077
1103
1113
1103
1110
1103
1103
1103
1128
1110
1102
1115
1065
1169
1064
1103
1077
1103
1118
1085
1108
1118
1071
1065
1118
1093
1093
1097
1093
1257
1122
1100
1093
1125
1093
1116
1132
1142
1108
1138
1093
1129
1137
1093
1133
1095
1097
1133
1140
1133
1145
1131
1102
1133
1134
1095
1136
1093
1133
1094
1104
1111
1093
1143
1109
1143
1094
1133
1094
1133
1093
1214
1092
1067
1127
1065
1174
1065
1065
1065
1065
1110
1066
1086
1064
1115
1105
1103
1065
1103
1102
1076
1083
1092
1116
1115
1085
1065
1064
1064
1067
1110
1103
1144
1104
2679
1051
1044
1081
1093
1070
1044
1083
1089
1045
1089
1044
1084
1082
1045
1045
1082
1050
1082
1063
1081
1045
1082
1044
1099
1082
1052
1083
1089
1044
1082
1044
1083
1050
1081
1118
1044
1106
1059
1072
1084
1082
1051
1044
1088
1045
1083
1043
1044
1087
1044
1087
1044
1089
1044
1081
1044
1082
1049
1080
1109
1044
1082
1083
1576
1064
1064
1064
1065
1064
1065
1070
1070
1071
1068
1058
1065
1065
1119
1063
1075
1064
1065
1065
1065
1065
1064
1072
1065
1070
1065
1065
1064
1065
1085
1065
1073
1065
1065
1064
1070
1056
1044
1566
1044
1044
1044
1064
1044
1090
1045
1044
1045
1044
1100
1045
1049
1044
1043
1044
1045
1045
1043
1045
1044
1048
1043
1050
1050
1094
2625
1044
1049
2621
2644
2611
2611
1044
1044
1044
1566
1067
1045
1048
1044
1050
1044
1051
1043
2630
1043
1044
1044
1049
1044
2632
1082
1044
1044
1044
1044
1049
1045
2620
2637
1055
1044
1044
1044
1044
2623
2611
1086
1044
1051
1044
1044
1045
2620
1045
1083
1047
1052
1044
1045
1044
2649
1055
1045
1044
1049
1045
1075
1044
1044
2611
2609
1046
1044
2609
2611
2620
1068
1044
1083
1045
2624
1055
1044
1048
1051
1044
1106
1044
1044
1044
