47199
21310
21419
21167
21246
21305
21378
49353
48874
46054
24004
22130
46687
42645
47900
45320
44070
21689
23829
21528
21414
45843
21653
21860
43764
21172
21862
21260
21384
21391
32017
48254
50029
21705
21162
48370
21985
22149
21549
47975
49435
21905
26759
21808
21624
22128
21761
21750
22176
21541
21237
21768
21735
21998
21878
43144
22189
21747
21312
21853
21893
21728
50679
22113
21923
22148
21914
22317
22300
22087
21778
21936
30742
22130
21481
21917
42785
21861
47278
21860
46882
21584
22129
22009
29799
43933
21904
21661
28465
51544
45952
21584
41941
21279
48439
49544
21544
21269
21241
21844
47547
22191
44491
21920
26964
47901
51229
21530
21910
48642
21508
21596
21650
21617
21727
21642
21458
48311
46883
45987
21213
21421
21646
21485
21543
21725
21427
50577
33648
29695
21561
21328
49019
46895
43908
48837
21498
26551
21519
21697
21415
21562
50350
21546
22022
46733
48102
21753
48388
21607
21684
21678
21454
21822
21816
21262
21741
21364
22448
21599
21923
44752
42194
21273
21796
49940
21536
21958
21438
21601
21715
34887
52180
21637
21832
45024
40373
21591
21984
21885
48378
21430
47417
22188
22447
21816
21764
21809
21791
21724
21843
40303
53691
45539
21505
21220
48972
21428
39235
50394
21215
21155
21946
23184
21530
31886
46815
21678
21774
21905
21401
21274
21602
50580
21797
21843
48742
21897
44465
21612
21418
47944
22397
21673
47998
48203
22561
21912
21605
21897
22178
21750
21810
50299
21715
21737
49651
47065
21151
49419
21447
21772
48737
22311
21992
22175
21614
48770
21457
21696
21795
48225
21545
21540
21905
21377
21283
22285
22021
21929
22070
21760
48652
42473
21689
22044
21883
21710
21597
21936
21883
21710
21557
21681
21989
22002
21914
46665
21355
21383
21545
21734
21648
21593
21596
21723
21908
32575
47472
48643
21461
21521
21552
21515
21849
21895
21664
21808
21286
21676
48306
21713
50729
48527
21536
37668
50226
21860
49432
47671
48837
50962
22113
32825
21469
21512
50087
21243
21452
21462
48048
45984
27493
50391
50978
35451
21374
48410
21226
45498
21752
21703
49214
21419
21356
21488
21643
21605
32707
48985
31229
49230
41480
21532
51234
21772
22345
21986
21865
21832
21465
22041
21599
21317
21953
21773
21539
21876
22263
21741
48637
21901
21346
21780
30315
25662
22161
28849
21580
21561
21768
21847
21452
22225
46238
50820
21594
21523
35168
23986
48656
21709
21623
21541
50685
21703
21968
21273
21710
21952
21676
45337
43197
21343
21474
42965
21498
46185
43246
21320
45920
21951
21544
21858
22159
42494
21463
50930
22142
21374
50006
21764
47062
21678
21503
21843
48593
21222
21886
21700
21530
44910
33764
21990
48477
47792
49645
50797
21791
43664
21454
45750
49262
50193
41964
44150
21357
21808
21603
21569
21426
21791
22411
21949
49465
31473
21722
21649
21571
21484
21871
21680
21744
21633
21820
40517
22412
21771
48288
21965
21644
22642
21552
21496
22091
22344
45651
21888
21875
47838
21781
21803
21294
21670
21485
22025
22335
21863
43889
22227
22162
21742
22419
45752
22171
21717
21298
21943
21361
21522
21667
45299
22056
21773
21661
21589
44741
22399
21990
21868
43942
49825
43648
46347
50178
22122
21736
21459
21605
21925
22448
21497
22728
48089
21293
22442
21680
22260
21478
43378
23087
41281
22030
21818
21795
28434
21905
21614
22462
21476
21697
48111
48846
22423
22426
22048
21663
22915
47838
21579
23145
22060
22097
45446
21851
46976
45986
21920
47421
21678
22300
21583
21628
22069
21971
21652
21472
21654
22019
21800
21573
21840
22216
21984
22070
21846
21839
21678
21788
22037
46353
21932
21912
21823
21608
21536
21867
22048
21360
21390
46011
44079
50277
21931
21703
22025
48093
44309
21511
21696
31720
40912
45535
21751
44494
21974
21969
21744
45685
22036
22068
22086
22283
22095
45999
21844
21520
22018
21466
21557
22320
21540
21988
21841
21838
21887
21908
50489
22054
21756
21208
22480
22216
21996
21695
32444
46427
36589
21242
49065
21389
42662
46798
21650
35816
21585
48098
21848
21259
21986
48795
49610
21557
21526
48681
44500
29454
21457
21473
21493
47570
43860
51600
40937
49032
21601
21359
21414
31731
50294
31001
28848
21385
34293
21812
49363
21964
21191
21689
21707
36312
48988
32396
21707
41214
48793
33749
45021
21562
21293
21362
21573
52900
23041
21264
21358
45926
21246
21499
21342
44448
21414
21692
21257
47932
41724
21342
37287
34659
21519
21385
22556
50027
45271
21649
21548
35976
50789
21595
21503
21361
21833
21659
21624
48291
21724
21293
43154
22779
21437
36417
24444
21796
21812
21824
21638
45982
21541
21577
47516
50331
45584
22053
41816
43438
43317
21435
45448
43907
32678
21475
44312
21342
32801
21529
32115
31970
32111
21659
32127
21566
21645
47968
37361
21788
40079
21167
32331
45936
33542
21563
32438
21535
30762
21146
30234
30551
29587
21539
30294
47711
46717
49489
46598
21625
24502
34843
21375
49232
27833
21461
48600
50560
48876
36289
21407
21355
48602
21594
21540
21200
21621
21914
48192
34975
50195
21541
21814
48573
46501
46024
43758
21708
50224
47748
21839
21775
21283
21938
21478
21820
21570
21684
48232
21381
21458
22008
21718
21546
21610
21188
48348
21617
47767
34564
46287
21433
31278
47588
21472
21421
21227
21594
21810
21280
21769
48008
21906
21636
21918
50106
21607
52185
21754
45920
21525
21641
21546
50193
40492
48864
21447
40983
21587
21421
21732
36016
51428
21477
21868
22427
21479
44818
21822
21886
21603
21759
21379
48507
21160
49634
37693
44968
22080
21350
21917
21929
21831
21776
21562
21477
21535
21351
21384
21840
21428
21482
50876
45685
21953
46192
21400
51217
37211
48132
21725
22051
21911
21971
50986
22004
50725
22066
21259
21585
46939
21717
22017
22274
21714
21747
21941
22121
21280
21379
46094
43910
21749
47805
21574
49853
21843
45154
21912
22135
21990
22042
21970
29450
22030
21476
21622
21858
46408
21794
21213
47744
21481
21687
44949
37558
21537
33290
33221
29721
22323
22363
42277
22161
22027
22050
47135
45403
21168
22190
21898
49502
21232
43224
22371
22206
21657
22122
22054
21362
29427
31525
48882
21697
21570
50714
24383
49329
47400
45419
50101
21376
21368
21548
21906
40491
22149
47793
21626
21269
21164
21724
44257
43755
21447
21586
49260
44081
21800
21825
21259
39582
21489
21548
21929
