31911
31861
31872
31897
31890
31878
31882
31875
31863
31876
31879
31881
31886
31874
31883
31907
31880
31904
31925
31844
31872
31861
31845
31891
31883
31888
31906
31860
31868
31898
31901
31873
31881
31868
31873
31845
31868
31894
31882
31911
31859
31867
31866
31871
31879
31903
31888
31942
31993
31935
31864
31878
31885
31918
31936
31971
31940
31908
31902
31865
31931
31859
31860
31901
31884
31897
31832
31840
31850
31906
31965
31948
31953
31995
31864
31867
31938
31874
31872
31857
31852
31890
31860
31871
31872
31873
31986
31960
31881
31925
31911
32168
31880
31885
31923
31890
31895
31876
31909
31884
31874
31903
31881
31861
31986
32040
31867
31912
31898
31906
31897
31901
32275
31895
31890
31876
31928
31910
31878
31917
31891
31893
31900
31918
31896
31894
31913
31892
31876
31916
31868
31882
31901
31941
31881
32275
31911
31858
31876
31912
31936
31967
31916
31890
31912
31927
31906
31859
31884
31868
31869
31873
31866
31884
31866
31862
31878
31868
31872
31882
31867
31873
31889
31903
31881
31876
31900
31889
31884
31880
31873
31912
31875
31872
32633
31875
32043
31940
32054
32021
32091
32002
32032
31914
32153
31879
31885
31868
31886
31887
31891
31869
31883
31868
31879
31870
31872
31876
31896
31875
31896
31865
31892
31858
31879
31874
31891
31854
31865
31867
31906
31866
31911
31897
31887
31863
31885
31877
31841
31908
31882
31875
31875
31883
31893
31882
31880
31869
31871
31920
32291
31846
31866
31953
31885
31855
31885
31858
31864
31913
31894
31877
31862
31866
31859
31874
31866
31823
31894
31855
31880
31853
31891
31874
31850
31845
31900
31884
31870
31930
31891
31864
31857
31895
31853
31885
31882
31871
31929
31872
32072
31898
31896
31871
31863
31879
31888
31901
31926
31924
31997
31975
31914
31852
31867
31863
31875
31870
31862
31865
31895
31870
31865
31886
31879
31867
31853
31913
31894
31869
31884
31881
31901
31873
31883
31876
31864
31908
31882
31885
31898
31880
31955
31885
31871
31881
31890
31883
31881
31908
31901
31858
31894
31874
31880
31884
31879
31884
31893
31982
31908
31903
31880
31908
31871
31882
31863
31903
31869
31873
31882
31868
31881
31874
31858
31876
31866
31858
31897
31872
31877
31866
31887
31882
31894
31859
31887
31842
31919
31932
31909
31931
31890
31908
31897
31908
31893
31892
31938
32054
31931
31957
31878
31902
31887
31874
31850
31866
31867
31856
31894
31961
31853
31905
31900
31899
31842
31861
31872
31867
31879
31855
31898
31836
31897
31880
31857
31892
31868
31874
31915
31933
31882
31873
31865
31875
31882
31876
31887
31904
31885
31878
31889
31878
31874
31877
31870
31879
31880
31877
31879
31880
31875
31856
31899
31886
31881
31923
31872
31910
31918
31881
31851
31872
31887
31877
31873
31882
31882
31853
31881
31874
31895
31878
31877
31865
31888
31994
31843
31895
31866
31870
31890
31873
31889
31900
31905
31897
31904
31887
31951
31896
31898
31893
31845
31863
31891
31903
31892
31922
31889
31884
31887
31874
31877
31878
31824
31992
31916
31882
31917
31869
32308
32022
31897
31889
31900
31871
31883
31880
31870
31871
31864
31904
31899
31875
31888
31875
31874
31875
31896
31893
31889
31875
31858
31871
31866
31874
31864
31855
31872
31916
31869
31884
31864
31931
31885
31889
31886
31876
31903
31869
31885
31920
31873
31907
31884
31951
31965
31897
31879
31888
31850
31885
31843
31864
31879
31894
31893
31865
31887
31929
31901
31869
31885
31892
31897
31977
31884
31863
31959
31875
31847
31853
31910
31903
31866
31865
31869
31922
31846
31894
31881
31876
31861
31885
31871
31859
31859
31853
31876
31854
31905
31933
31879
31913
31917
31827
31886
31909
31894
31889
31936
31866
31996
31943
31902
31894
31887
31877
31883
31884
31891
31923
31882
31927
31862
31894
31886
31889
31921
31903
31916
31902
31872
31888
31934
31849
31858
31913
31964
31932
31975
31890
31943
31911
32049
31919
31902
31903
31900
31890
31872
31838
31861
31884
31870
31863
32174
31877
31861
31882
31871
31898
31864
31865
31919
31923
32006
31979
32031
31895
31876
31870
31886
31896
31876
31893
31871
31890
31882
31889
32556
31931
15312
12663
12656
12661
12662
12659
31854
31666
31633
31678
31688
31722
31880
31875
31884
31868
31876
31857
31874
31919
31860
31889
31910
31868
31874
31869
31878
31897
31893
31872
31889
31886
31957
31885
31874
31896
31878
31896
31880
31859
31871
31879
31868
31866
31871
31889
31860
31873
31866
31896
31842
31873
31864
31868
31941
31871
31892
31875
31882
31854
31862
31861
32179
31875
31860
31869
31868
31866
31864
31861
31998
31845
31875
31880
31879
31886
31861
31873
31872
31917
31881
31907
31844
31890
31859
31877
31868
31865
31899
31861
31904
31872
31877
31872
31881
31873
31886
31873
31878
31895
31885
31877
31909
31894
31850
31840
31882
31882
31900
31863
31872
31866
31862
31881
31893
31875
31890
31870
32732
32468
32193
32138
32027
31980
32011
31968
31933
31869
31871
31845
31895
31958
31881
31948
31912
31888
31887
31855
31891
31855
31869
31849
31968
31891
31868
31864
31839
31859
31866
31857
31868
31860
31888
31862
31860
31862
31843
31897
31892
31878
31871
31875
31884
31893
31882
31879
31874
31854
31853
31840
31876
31882
31836
31893
31864
31872
31863
31879
31995
31901
31876
31876
31876
31878
31864
31884
31862
31865
31872
31871
31873
31891
31902
31874
31889
31855
31874
31872
31900
31865
31864
31871
31876
31866
31865
38852
31715
31672
31655
31674
31657
36194
37069
35325
31871
31881
31886
31894
31883
31879
31898
31911
31884
31867
31883
31871
31876
31890
31870
31880
31853
31875
31867
31925
31866
31854
31885
31866
31908
31883
31876
31864
31870
31862
31877
31870
31856
31872
31873
31879
31926
31883
31948
31877
31882
31871
31896
31886
31877
31885
31861
31863
31896
31891
31867
31876
31863
31875
31885
31883
31879
31880
31866
31882
31893
31880
31853
31877
31874
31880
31878
31897
31867
31873
31877
31887
31902
31872
31875
31872
31861
31878
31880
31865
31856
31877
31872
31872
31870
31861
31885
31889
31854
31898
31880
31863
31865
31872
31885
32198
31895
31902
31833
31867
31856
31875
31825
31844
31917
31897
31858
31883
31843
31885
31855
31853
31880
31876
31867
31863
31870
31902
31865
31869
31877
31895
31870
31880
31860
31871
32088
31896
31864
31888
31884
31861
