41587
41563
41606
41571
41566
41588
41595
41624
41590
41649
41604
41587
41594
41604
41593
41577
41601
41574
41592
41576
41588
41571
41584
41582
41599
41589
41576
41613
41598
41600
41601
41603
41602
41596
43756
23011
23016
23000
23014
23005
23021
23006
23021
23016
23021
23042
23013
23015
23015
23020
23035
23022
23009
23011
23017
23014
23020
23069
23011
23020
23009
23030
23016
23577
23533
23452
23097
23068
23278
23141
23072
23096
23101
23056
23093
23020
23020
23015
23034
23006
23012
23021
23028
23017
23021
23022
23038
23027
23018
23013
23019
23041
23016
23014
23020
23020
23012
23026
23018
23017
23016
23021
23014
23023
23016
22999
23024
23026
23023
23010
23029
23025
23020
23021
23006
23036
23019
23008
23022
23033
23030
23019
23017
23030
23012
23016
23041
23020
23030
23022
23009
23035
23037
23011
23023
23009
23029
23029
23018
23028
23019
23015
23006
23020
23012
23027
23025
23865
23036
23023
23013
23021
23026
23047
23030
23030
23024
23019
23006
23028
23014
23032
23017
23013
23024
23023
23012
23157
23038
23035
23018
23014
23018
23054
23016
23017
23018
23015
23025
23032
23075
23022
23012
23003
23015
23018
23007
23030
23259
23058
23047
23018
23039
23013
23020
23021
23020
23027
23031
23016
23011
23018
23024
23012
23022
46190
23006
23020
23022
23019
23017
23008
23015
23023
23010
23003
23025
24457
41647
41594
41597
41576
41600
41555
41595
41607
41604
41601
41597
41591
41589
41597
41594
41579
41557
41591
41585
41576
41572
41582
41587
41585
41569
41608
41588
41596
41597
41610
41593
41578
41608
41586
41602
41627
41596
41595
41596
41608
41630
41620
41602
41617
41587
41604
41606
41605
41609
41621
41587
41606
41801
41614
41639
41610
41618
41630
41589
41645
41613
41615
41604
41621
41550
41585
41600
41594
41580
41601
41604
41599
41609
41587
41632
41691
41563
41591
41614
41618
41647
41599
41595
41593
41584
41589
41618
41610
41600
41618
41586
41608
41622
41600
41605
41617
41727
41587
41593
41570
41646
41600
41583
41594
41594
41571
41548
41581
41610
41598
41579
41542
41629
41566
41614
41621
41604
41604
41615
41873
41590
41584
41587
41599
41586
41553
41573
41594
41595
41603
41601
41590
41585
41596
41612
41616
41573
41580
41586
42293
41575
41588
41619
41620
41590
41594
41604
41601
41606
41621
41596
41595
41604
41631
41658
41627
41617
41623
41630
41609
41629
41602
41578
41583
41615
41555
41705
41576
41607
41577
41594
41602
41617
41588
41598
41584
41633
41636
41650
41611
41593
41610
41594
41580
41614
41590
41652
41623
41645
41622
41589
41835
41557
41606
41597
41589
41590
41591
41583
41604
41593
41594
41574
41611
41557
41567
41593
41585
41614
41579
41585
41610
41584
41608
41586
41597
41591
41595
41591
41592
41594
41602
41593
41594
41590
41559
41620
41607
41613
41602
41603
41581
41593
41637
41605
41627
41599
41611
41581
41594
41610
41616
41586
41586
41590
41585
41584
41584
41583
41589
41585
41583
41581
41592
41606
41605
41601
41634
41665
41603
41613
41606
41616
41543
41602
41606
41604
41629
41574
41588
41582
41971
41566
41588
41585
41599
41569
41574
41614
41583
41603
41631
41584
41626
41601
41582
41602
41593
41589
41564
41555
41582
41556
41574
41584
41618
41609
41683
41568
41603
41613
41601
41621
41573
41581
41581
41594
41588
41788
41603
42984
41593
41591
41634
41599
41573
41575
41596
41584
41607
41610
41625
41603
41592
41609
41573
41632
41587
41607
41559
41570
41601
41571
41596
41595
41584
41598
41603
41604
41594
41592
41596
41578
41586
41580
41577
41588
41605
41699
41562
41605
41577
41570
41601
41621
41602
41637
41604
41600
41626
41601
41603
41582
41613
41591
41596
41590
41591
41597
41602
41596
41593
41603
41599
41593
41643
41602
41590
41605
41629
41601
41596
41597
41594
41608
41589
41614
41595
41606
41678
41606
41585
41580
41593
41590
41604
41582
41581
42134
41580
41579
41602
41604
41571
41603
41562
41594
41600
41595
41596
41602
41606
41585
41613
41592
41572
41587
41581
41590
41587
41589
41608
41579
41581
41593
41579
41570
41613
41634
41614
41626
41619
41590
41622
41567
41595
41576
41568
41572
41580
41591
41579
41582
41568
41593
41595
41573
41646
41601
41601
41615
41602
41585
41557
41586
41576
41590
41579
41593
41604
41595
41598
41593
41614
41599
41602
41627
41618
41601
41603
41580
41576
41592
41571
41637
41586
41587
41584
41582
41604
41607
41579
41635
41608
41602
41588
41596
41602
41605
41905
41569
41586
41572
41610
41575
41594
41583
41588
41581
41603
41605
41594
41590
41632
41584
41586
41644
41602
41578
41582
41615
41603
41596
41559
41576
41575
41580
41597
41603
41588
41645
41598
41597
41585
41594
41594
41586
41581
41578
41575
42004
41549
41618
41594
41583
41578
41585
41601
41576
41593
41580
41615
41629
41624
41610
41584
41605
41585
41599
41590
41615
41572
41578
41597
41591
41596
41588
41612
41587
41582
41584
41575
41581
41658
41573
41586
41606
41611
41573
41587
41586
41584
41668
41625
41599
41621
41607
41626
41614
41600
41571
41579
41578
41602
41595
41598
41587
41590
41590
41591
41600
41611
41583
41595
41597
41601
41581
41590
41618
41613
41585
41604
41959
42277
41877
41808
42011
41616
41613
41614
41701
41641
41580
41587
41580
41592
41555
41562
41581
41580
41626
41581
41578
41595
41590
41579
41582
41589
41583
41590
41571
41594
41553
41596
41577
41572
41574
41604
41592
41569
41578
41588
41589
41595
41586
41589
41603
41579
41584
41599
41575
41579
41591
41590
41638
41594
41601
41600
41606
41606
41605
41610
41592
41593
41587
41582
41576
41614
41572
41590
41578
41577
41594
41717
41620
41586
41603
41574
41589
41587
41583
41578
41592
41594
41580
41567
41573
41583
41594
41607
41589
41593
41631
41590
41599
41571
41584
41551
41561
41595
41587
41594
41646
41627
41597
41604
41592
41593
41581
41600
41586
41584
41588
41583
41580
41584
41643
41585
41596
41578
41587
41598
41598
41593
41610
41616
41603
41589
41606
41587
41584
41568
41587
41594
41582
41586
41562
41602
41583
41586
41592
41586
41583
41596
41584
41624
41595
41651
41600
41595
41604
41585
41580
41577
41555
41562
41605
41588
41599
41885
41580
41581
41625
41594
41585
41588
41577
41623
41589
41591
41597
41580
41586
41585
41599
41566
41597
41566
41585
41572
41588
41594
