86951
86170
104661
119681
113756
111764
111711
84756
86419
111174
85465
85605
86699
111448
108508
115409
85059
84636
111148
86736
86069
85697
86545
87194
85638
86041
112557
111342
99816
86745
111676
112276
86203
85254
85322
84915
85896
110423
86445
111789
85417
85872
85338
85483
85473
85129
84640
85240
114051
87789
102126
111329
109811
111003
113349
85448
85477
86309
108665
86695
110520
85940
94140
84911
84840
108238
110253
85075
111882
85372
85756
86309
87280
108771
86148
114193
86635
86818
86404
86858
86718
86986
100698
86597
86604
88407
86558
87005
110397
85065
84709
85582
84948
85442
85621
100862
86608
109042
113104
112508
85457
84844
85467
113819
113407
85042
85319
104159
112229
109429
86038
86608
111393
85328
110827
85195
109793
87303
86587
86576
85725
86774
112405
86840
85508
107969
86143
109707
85797
85953
109843
86296
86241
86304
113854
87889
88049
87601
88730
107042
113027
110584
111898
87736
86619
113005
86837
112402
87135
86567
84963
84845
113647
86216
104705
111499
86813
99525
85015
85151
85758
86485
85824
86130
86455
86408
86207
85965
113069
86047
111501
85481
85344
85447
110212
117720
113625
85864
85629
85821
86002
84906
85674
85286
110910
85883
85371
86778
88031
114200
86739
86497
86370
113427
106533
86204
96429
104714
90520
87293
85063
86149
85205
84960
86112
86289
86666
110023
103036
120780
113978
111385
85909
113257
115253
115903
97586
94322
86556
109749
111804
105030
111067
110543
114077
113347
112063
112627
85976
85017
85327
85673
86124
109664
115236
108481
110436
89270
86257
85500
85662
124464
87632
103753
87176
87622
86952
86469
85202
85094
86378
85580
100065
86434
86674
85675
114463
85834
85157
84566
107474
85825
85745
85390
111852
114706
90145
111002
85544
86365
87345
86505
86899
86186
85884
87013
86694
113430
85298
106994
84783
107985
86377
85848
85626
112992
108964
87011
85646
85719
112353
87655
86655
86430
87205
85772
88308
110733
85987
85758
86451
84974
84817
85335
85721
84715
84885
84785
112457
87214
86096
110584
86989
87012
87361
97786
110473
114434
84767
114775
84719
117464
116089
113434
98523
85629
85633
85347
85298
85068
85139
85060
85582
85293
86491
111070
113020
114228
85570
84776
85688
107269
101981
115781
110584
86924
85613
86670
86863
110802
117897
99047
113682
103081
113504
113057
112931
111390
114970
85943
113064
111957
105516
119989
86453
110941
101245
114633
85576
112897
112964
113232
113475
113317
99163
86838
98462
85398
84909
85802
85050
84915
85896
86680
86846
109552
86504
85810
86746
85751
85386
85698
85314
105855
117209
85690
84859
85105
84340
96635
85463
85587
117054
111204
111615
111769
109404
113624
109248
111966
113806
85385
100223
85203
99638
113003
110302
112383
108389
109864
90479
111898
92171
111904
112489
113011
112625
111819
113115
86902
112490
113179
85600
111112
85686
110942
110238
86424
114261
85655
85608
111163
111108
112573
111447
102653
104162
110106
85807
112635
112436
113409
110794
112752
106003
99286
111581
111830
113141
110291
96225
112542
111044
112570
112291
85585
108582
85212
86493
113107
90473
105586
113917
113137
86150
113201
111619
87589
87231
85522
97275
108169
85988
104953
110349
84900
85195
106930
112804
99931
109682
85328
107205
90739
108566
114318
105336
87230
88918
85032
85084
86130
85478
109783
110491
108218
85953
111892
85947
85385
109265
112624
113678
112157
109980
113988
109907
113000
87380
86335
85385
84753
85732
117011
86251
109968
85713
84958
114240
111845
111533
111877
86937
108971
84935
98350
85851
85395
85705
85614
85754
84989
84772
84783
104484
86155
85465
86975
85996
110720
85350
86543
86108
86259
85697
86165
85726
112709
85782
85210
85353
115302
94877
86502
85572
85862
86263
112425
113556
111474
111002
109185
85947
108062
113306
85752
85917
107986
85896
112435
85173
112154
85292
84768
85049
84898
84749
86214
87119
85390
86364
112633
85060
123917
86010
103803
110231
85634
112977
114580
109828
112285
86818
87065
113853
112709
85997
108002
85257
86081
85385
85598
87221
111049
88039
87539
108232
113517
91767
86681
85707
85676
85692
86357
85321
86161
86552
87338
86083
86949
91834
87805
87156
119589
84694
111953
87007
85880
85093
86235
86374
86960
85606
105592
85503
85895
86591
86088
86915
112557
116743
106833
106573
111185
86867
111354
86516
86811
113629
114947
113366
85761
112063
112888
84964
109664
98899
114377
85984
111550
110701
101983
111218
97998
85306
113480
86033
109733
110662
109099
115636
113273
87780
86645
109492
113436
99080
105980
86576
118108
88855
86982
110529
100128
109912
86421
85631
86055
104428
112488
109326
110963
106388
85862
84439
111124
84204
113468
110943
112304
85401
115278
109535
108828
110701
109241
110481
110517
109794
118276
86837
86764
116215
109354
87887
108640
86274
95528
114604
109796
113082
86169
110733
86093
112991
108332
110787
85269
114626
113058
104017
110413
113954
87551
84743
85615
109637
110670
110523
104869
107890
92828
108414
110723
85861
85538
85960
97956
86512
116246
113085
111345
85707
86149
112085
112180
112423
115023
111243
85092
111427
87159
105066
105391
86843
106731
114664
84461
84539
84166
84792
104544
84958
87821
85480
109512
86074
85616
85899
86426
113807
114486
85778
85993
86214
112181
86842
86472
110656
109882
116640
106321
86630
111514
85487
111975
113568
89839
86406
85952
86536
86063
85465
85876
103002
113674
115163
109906
106849
107080
107594
85574
85425
111844
103927
86805
114454
85997
101934
86229
86111
86336
87013
86669
115331
86487
110796
97090
97916
86389
85406
115290
107191
120428
85200
104863
111909
112951
105678
86666
86218
115633
86258
111136
109317
106157
108625
106258
85088
113398
107537
97446
104588
86469
113624
107852
86066
85266
86833
107855
116463
94471
85282
110677
113633
85049
84733
85946
86377
85791
109241
113104
86192
85672
86098
86798
114246
114241
99436
112068
105472
85893
108428
112177
108930
87349
111105
85275
107889
86605
86209
114069
86353
87457
88046
85276
111024
106906
111350
86709
112769
86388
87138
111999
101657
113707
86060
85687
88989
114080
103382
111922
112378
85163
104890
98141
86719
87185
108572
114326
85390
116636
108554
110932
101939
116073
87067
84947
85979
110080
88255
88436
112179
87057
87294
107034
85858
112799
113399
109378
111011
110277
105619
114801
85783
113773
114679
111986
112804
114714
98175
85230
113733
106908
108052
108874
111411
86280
113555
104679
113245
107873
109825
112457
88089
113404
84626
113439
110905
84170
84245
113046
85304
108104
113604
84661
94778
115219
86063
86543
88072
115417
110729
88782
87835
85707
114602
105922
113582
116087
