74646
59222
88062
61263
68312
88559
87517
60490
83333
59806
85498
59060
59576
61137
60765
85421
60646
59504
60976
60585
77244
58845
59771
85452
87390
82961
59379
59360
86200
80775
59043
60330
59797
80885
59449
89195
60808
81654
59960
83935
73636
87005
70228
82050
59369
59431
59931
66192
85239
60451
85283
60086
60142
82507
60030
60522
88235
84039
89512
62143
85987
60391
59875
59747
83802
74623
86068
80320
86350
82464
71646
60553
82512
59591
81425
70358
60387
60435
89907
60176
60592
59698
60423
60742
59839
61052
77167
59460
59142
88005
59278
59085
58606
84549
58666
75788
83463
58750
78372
58500
89665
59185
59134
85991
59714
82797
59893
59941
59351
84808
59375
85535
81707
86532
73946
86339
85190
58951
58811
59764
59673
85421
58900
59041
86428
86722
88262
60720
59510
60252
87268
84391
60602
82231
60140
89531
60496
59563
82769
83475
62738
61984
77266
86602
78465
59966
60510
60420
60291
84704
59752
58816
92242
75047
85687
86864
60062
80580
84903
88246
59594
59519
85613
80144
63588
84147
84440
59685
59132
60078
60194
85799
82379
63652
60699
83164
86645
85662
60328
73548
60878
92751
59828
85517
88784
59627
80444
58659
59708
60855
86104
61205
60304
60744
60640
60039
85667
60313
68102
84919
85922
76252
59697
88471
60969
80031
59642
88694
83044
89480
61183
59963
89563
60574
87398
86418
79001
59173
59001
60056
59764
82492
89229
60222
59665
66674
86250
82158
58866
83792
60632
60644
59839
81124
86171
60178
59759
68088
59450
84487
62151
60467
91014
59369
59076
58916
58899
58906
76042
59157
59791
84052
59094
58985
59877
58826
80133
59005
77184
60373
60384
60739
73438
61354
59102
58621
59454
82859
59770
60163
84718
84372
88867
60181
59519
58929
81588
86609
58752
59759
58959
58868
60210
67998
73952
87593
58915
59624
59261
82350
58952
85561
83392
59870
59596
58905
86313
59677
59963
70266
84560
84918
87033
87022
84721
87648
87263
59988
59662
88740
76090
83926
58586
85132
59440
59317
59676
59316
59503
60064
59534
84424
59628
60258
60078
59690
87397
59338
59560
59435
59816
85568
59627
59818
79322
79349
60434
88318
59170
79975
82227
86715
60180
60351
82726
60629
70680
88245
58539
88622
60351
59725
67357
88006
63038
60554
60677
87511
81584
59456
59479
62741
82776
60487
64241
59623
87084
85047
60659
86787
59285
59432
59403
59681
59111
85759
58942
58856
59081
59673
85961
80523
60163
87606
59703
59685
84900
79490
61378
63632
59848
59486
84635
59375
58982
59958
59895
59770
87205
59949
78829
84846
73787
60828
86403
59352
60887
69629
59139
81775
86247
81772
80075
84465
59412
84803
60263
59647
76167
86743
84464
59169
75513
84360
60230
83064
59465
73691
60055
72033
85135
60814
89250
60968
70874
60329
73468
74404
59377
87190
74825
85721
61192
90506
86859
59650
59893
88348
88529
78227
61447
59811
82275
60180
60457
59822
59665
59813
59857
59895
83662
87773
60055
59843
59243
70036
59765
59996
59366
58669
58625
59140
85016
59259
59298
60081
61631
59189
59212
88216
87666
58973
59667
59593
59812
59298
59622
60301
59647
60416
59883
78540
87323
61112
60429
85791
83073
80667
74414
85828
61415
58477
60407
58865
87428
84160
99369
86697
71171
85235
78815
59797
84535
81816
80589
60813
81999
59928
59970
59977
60999
71866
59262
59151
59535
86158
59550
59372
59391
59050
59792
59599
59521
59302
60108
59749
78658
86826
86162
85116
59916
59655
59984
59660
87358
60470
61633
59436
60071
59903
90883
59706
59183
59496
59374
85681
59574
59688
59699
59917
59323
60079
60469
78645
72419
59435
76608
78277
82284
59894
61013
60538
59675
59221
89732
86090
84812
71100
58863
59325
59224
59552
60236
60211
60144
83909
60293
61631
60262
59228
59418
59481
60846
60227
59078
86109
59539
59400
59419
61688
60307
60901
58879
58992
59321
59167
59199
58954
59238
83392
59095
59986
59273
89196
84847
58785
79660
60158
89055
87803
86306
85107
60777
59362
85643
81779
60471
59647
59163
58876
59326
60011
58882
59378
59722
59856
60355
59522
85021
83813
60320
60489
59538
60286
59729
60340
60685
59718
84817
60526
77425
79275
88554
85508
59061
85133
89387
70312
59585
86112
88268
73433
60916
77724
59434
59772
59874
84927
86379
61021
61910
61192
61011
84408
60858
61015
61099
66351
59757
59928
84457
59429
74022
85926
59736
60021
77988
58839
59593
82026
72357
58877
80685
85424
72257
77899
60125
83105
86561
86324
59461
83410
87407
59334
59952
88828
85171
83133
59137
85316
83018
78646
84705
76491
86354
59766
84777
82625
84821
67989
66209
87182
88448
83408
85630
59408
59172
60063
59815
59730
59463
72473
59520
59020
81163
59054
73455
87708
85112
73999
87980
85904
60064
86435
73438
81788
85860
60271
83251
81014
83364
84785
89138
88270
58916
84075
59022
59460
59106
59515
87598
59345
59538
58835
59404
60172
59634
60543
61119
59884
87404
66695
61271
72567
60376
60959
59799
81364
59941
59317
62285
60157
59491
88081
59080
83894
59167
59401
59749
59845
82683
84275
60259
82367
85899
59176
59133
59128
59557
59064
58609
85157
63552
60154
88216
86603
59828
58882
59850
59212
79564
59861
80106
80360
59525
83655
76053
88499
83825
59957
88903
74564
59601
83041
65200
59872
61278
89397
83150
60842
90128
79422
85381
59727
86164
61153
67876
87524
82974
60455
89489
58779
60448
70616
88428
59037
59218
59696
82630
84552
89092
65865
67788
77051
89016
60474
59808
68553
81002
83613
87734
86221
67117
82201
85010
87444
84970
84180
90733
59402
87740
71134
79146
59000
80853
82493
59300
85770
85472
59472
88567
87751
81459
59295
87700
87763
87610
85145
87795
86577
84893
87658
85575
81810
60502
79184
85411
87020
80958
86628
87472
87057
87641
59850
59913
82464
86553
63560
60196
83617
83917
58765
58695
77372
86277
88751
59605
86171
60031
60370
85815
59461
59256
60096
58893
81362
59840
84739
87053
83726
88077
86093
58675
88090
74058
58730
83554
89385
90786
88221
60125
76561
85465
60036
86382
59471
59437
59760
77562
60318
59240
60172
62506
80290
59411
66384
85882
85216
86439
60895
60591
60948
60518
87510
88335
83641
86916
63085
59971
59029
59124
60455
58382
87366
89166
88572
59371
59270
85525
89692
76771
84837
84771
59224
59333
58638
59109
59520
59278
77092
82571
90189
80297
89237
82329
84309
87260
83716
86156
59298
