16317
16314
16300
16317
16311
16317
16280
16308
16282
16309
16289
16304
16341
16290
16291
16441
16304
16313
16278
16334
16318
16297
16288
16305
16321
16329
16290
16289
16307
16303
16308
16324
16316
16315
16290
16303
16303
16304
16307
16293
16319
16284
16328
16386
16301
16341
16315
16330
16321
16308
16295
16310
16280
16313
16276
16330
16319
16302
16284
16321
16318
16314
16307
16305
16283
16322
16314
16320
16351
16315
16297
16295
16286
16311
16315
16341
16568
16290
16299
16315
16317
16319
16304
16325
16281
16303
16286
16302
16296
16300
16323
16307
16302
16316
16301
16303
16308
16283
16277
16300
16286
16322
16293
16321
16305
16307
16308
16299
16286
16310
16284
16301
16297
16295
16288
16284
16284
16308
16304
16310
16307
16278
16326
16289
16297
16305
16314
16313
16299
16311
16358
16591
16319
16323
16288
16327
16293
16301
16315
16594
16282
16329
16277
16316
16418
16314
16309
16313
16331
16310
16309
16384
16314
16327
16300
16290
16317
16288
16333
16318
16282
16314
16304
16321
16297
16303
16312
16299
16289
16298
16329
16314
16282
16334
16308
16306
16327
16290
16324
16290
16306
16271
16345
16272
16314
16316
16316
16306
16306
16308
16314
16292
16308
16311
16319
16306
16280
16319
16291
16297
16286
16302
16317
16318
16301
16286
16301
16330
16306
16289
16295
16282
16331
16307
16337
16304
16280
16304
16308
16310
16306
16304
16303
16297
16283
16290
16297
16288
16303
16308
16307
16294
16273
16321
16288
16290
16330
16314
16317
16289
16304
16327
16297
16285
16290
16312
16273
16315
16292
16300
16305
16357
16316
16310
16305
16303
16288
16289
16263
16337
16286
16291
16283
16293
16369
16286
16319
16309
16319
16315
16305
16933
16589
16314
16323
16297
16263
16622
16583
16432
16334
16349
16486
16586
16312
16333
16775
16285
7781
6467
16298
16187
16175
16207
16220
16289
16308
16398
16351
16318
16305
16382
16306
16298
16312
16302
16295
16316
16322
16294
16333
16327
16323
16313
16328
16327
16303
16290
16301
16291
16325
16307
16278
16286
16308
16305
16305
16289
16301
16321
16294
16326
16290
16302
16289
16308
16297
16285
16344
16316
16308
16338
16331
16308
16327
16312
16301
16411
16285
16298
16284
16293
16600
16286
16319
16303
16317
16286
16330
16316
16590
16314
16313
16286
16299
16306
16292
16288
16315
16372
16309
16295
16303
16346
16302
16279
16278
16299
16305
16338
16283
16302
16301
16299
16303
16306
16321
16303
16308
16334
16351
16296
16287
16354
16303
16310
16322
16279
16308
16343
16307
16329
16343
16282
16306
16296
16344
16393
16296
16314
16311
16341
16306
16315
16297
16306
16309
16291
16355
16303
16310
16304
16317
16275
16330
16293
16311
16321
16311
16289
16299
16293
16330
16353
16288
16287
16291
16359
16324
16394
16300
16304
16307
16289
16330
16326
16290
16320
16285
16308
16292
16290
16317
16314
16322
16297
16306
16305
16304
16349
16320
16292
16351
16278
16307
16309
16282
16284
16289
16289
16283
16294
16335
16310
16326
16326
16318
16306
16296
16324
16298
16309
16308
16316
16312
16302
16329
16285
16318
16308
16302
16294
16299
16308
16316
16309
16278
16312
16275
16314
16316
16335
16300
16287
16307
16295
16291
16329
16374
16548
16390
16299
16414
16331
16316
16369
16321
16601
16293
16290
16317
16307
16293
16293
16305
16307
16304
16269
16319
16280
16302
16320
16337
16300
16315
16311
16292
16313
16279
16347
16280
16321
16309
16289
16300
16314
16305
16278
16312
16334
16302
16312
16301
16382
16295
16281
16494
16302
19022
16353
16292
16279
16294
16293
16316
16313
16904
16623
16294
16433
16530
16433
16577
16342
16420
16430
16333
16352
16375
16311
16642
16326
16308
16290
16325
16304
16301
16306
16316
16360
16311
16291
16325
16332
16334
16343
16282
16303
16291
16337
16298
16312
16312
16302
16285
16287
16332
16293
16324
16300
16306
16296
16305
16317
16297
16301
16307
16349
16291
16300
16312
16318
16322
16306
16325
16333
16317
16594
16291
16322
16330
16295
16309
16315
16300
16317
16304
16290
16303
16290
16295
16306
16310
16297
16433
16288
16324
16283
16312
16310
16299
16310
16287
16311
16306
16300
16306
16276
16297
16306
16309
16305
16284
16276
16351
16422
16422
16313
16310
16298
16295
16369
16295
16363
16293
16296
16315
16302
16297
16311
16311
16316
16316
16310
16328
16291
16312
16288
16279
16273
16298
16303
16310
16293
16301
16319
16289
16305
16318
16305
16284
16292
16309
16303
16307
16290
16292
16313
16311
16305
16287
16304
16300
16303
16299
16280
16320
16305
16285
16312
16298
16285
16307
16310
16303
16313
16323
16309
16290
16325
16276
16308
16305
16282
16298
16300
16338
16285
16308
16317
16282
16303
16308
16300
16310
16318
16302
16282
16276
16305
16313
16284
16301
16314
16325
16282
16300
16337
16298
16323
16286
16292
16298
16297
16289
16303
16297
16308
16279
16288
16291
16312
16289
16306
16295
16339
16278
16273
16298
16313
16292
16318
16285
16285
16276
16290
16294
16289
16290
16301
16278
16302
16306
16315
16354
16296
16315
16293
16345
16295
16287
16314
16325
16286
16303
16288
16305
16288
16312
16312
16274
16282
16327
16293
16283
16295
16445
16290
16328
16325
16268
16310
16304
16276
16317
16312
16310
16311
16301
16296
16309
16290
16316
16286
16310
16294
16328
16294
16311
16336
16301
16294
16286
16295
16311
16294
16313
16305
16313
16295
16309
16310
16294
16303
16342
16305
16301
16319
16282
16335
16281
16305
16287
16305
16331
16310
16313
16298
16267
16354
16313
16317
16271
16285
16292
16311
16306
16310
16289
16310
16313
16317
16298
16284
16285
16296
16318
16299
16287
16327
16281
16321
16303
16287
16324
16295
16305
16322
16289
16288
16283
16318
16560
16293
16367
16332
16333
16322
16296
16297
16319
16384
16353
16305
16294
16306
16299
16286
16312
16293
16320
16322
16310
16312
16311
16272
16321
16278
16325
16350
16307
16283
16315
16312
16328
16315
16328
16331
16298
16279
16330
16317
16312
16314
16312
16308
16315
16313
16339
16317
16305
16308
16293
16297
16288
16286
16287
16301
16307
16300
16304
16298
16309
16302
16334
16361
16323
16323
16355
16300
16329
16335
16313
16292
16289
16341
16306
16311
16297
16300
16283
16314
16283
16308
16284
16305
16296
16299
16320
16306
16327
16322
16346
16308
16305
16316
16312
16312
16282
16297
