6222
6083
6254
6344
6184
6328
6420
6181
6184
6402
6150
6138
6082
6288
6222
6134
6099
6348
6351
2408
6264
6126
2390
6192
6085
6198
6173
6279
6463
6302
6327
6307
3628
6334
3652
6136
6306
6319
6200
6190
6249
6260
6168
6154
6189
6395
2475
6195
6240
6305
6309
6550
6484
6237
6352
6095
6330
6139
6268
6277
6208
6929
6316
6072
6093
6074
6233
6078
6651
6310
6214
6125
6308
6257
6746
6178
6747
6348
4739
7579
3437
4155
3390
7627
6217
3366
7541
3371
7428
6043
3430
6031
7436
3621
3371
3371
3476
7411
3421
3762
3622
2408
2437
2532
6041
2467
2487
2416
2408
2420
2413
4845
6028
6262
6828
7014
6955
7056
6054
3966
7405
3377
3613
7400
3515
7399
3414
7447
6088
7440
2408
6444
6825
6107
6953
2475
7045
7265
6836
7129
7059
2566
3325
7251
6884
7124
6834
7572
6327
4282
2532
2576
2517
6235
6330
6307
6332
3746
2524
2533
6052
6335
6369
6269
6415
2705
6049
3618
2517
6298
6236
3622
6220
6272
6248
6297
6295
6292
6264
6224
6266
6376
6403
7695
7174
6998
3786
7318
7108
7760
7067
7173
7002
6988
2409
7069
7046
7212
7057
6970
6986
6848
6878
6936
3394
3503
3365
3390
3405
3438
3359
3354
3354
3491
3363
3363
3396
3364
3404
3363
2496
3354
3493
3388
3635
3420
3433
3402
7400
7900
7414
2407
4021
7454
7677
7457
4794
3364
3361
6178
3363
3371
3677
3489
3476
3865
3624
6259
6373
2416
6050
6244
6035
2505
2407
2464
2425
2417
2575
2409
6255
6237
6249
6295
6255
6267
6076
6077
6121
6098
6191
6095
6052
6218
7129
6859
2505
6861
7162
6857
7256
6944
7080
6864
6850
6902
2641
7099
7258
7017
7020
6846
6971
7002
6948
6847
6886
3664
7084
7089
7151
7150
6843
7019
2424
6869
6977
7153
6860
6951
6828
7038
6839
7140
6990
7136
6882
6889
6850
6918
7015
7030
7176
6859
7176
7015
7205
6864
7297
7027
6923
6945
7218
6956
6864
7191
6086
7253
6945
7134
6840
3637
6862
7110
6871
7027
7150
6082
7039
6982
6985
6874
7310
6938
7311
6268
6398
6127
6366
6067
6331
6069
6206
6086
6266
6182
6271
6068
6210
6200
6147
6067
6239
6070
6146
6077
6121
6081
6096
6286
6073
6225
6120
6174
6085
6337
6367
6318
6335
7420
6120
6174
6149
7436
6152
6192
6072
6211
6122
6384
6262
6101
6075
6092
6076
6243
6067
6261
6071
6170
6072
6174
6069
6227
6279
2438
6220
2407
6247
6252
6398
6399
6208
6103
6208
6161
6447
6324
6253
6290
6186
6130
6190
6163
6251
6231
6157
6187
6170
6317
6161
6512
6073
2408
6081
6124
6382
6098
2704
6136
6259
6103
6203
6208
6302
6080
6390
6263
6153
6280
6132
6257
6330
6343
6167
6087
6131
6383
6261
6333
6403
6299
6223
6300
6298
6257
6242
6280
6408
6321
6094
6130
6300
6341
6297
6165
6102
6194
6125
6116
6090
6168
6036
6077
6339
6135
6220
6154
6445
6269
6119
6107
6337
6330
6355
6378
6136
6092
6135
6112
6481
6128
6221
6442
6107
6069
6077
6217
6222
6092
6299
6343
6314
6367
6202
6406
7432
6506
6085
6340
6209
6264
2377
6448
6378
6422
6332
6435
6382
6401
6421
3711
6153
6102
6369
6141
6215
6072
6098
6320
6394
6223
6088
6167
6160
6278
6115
6160
6145
6182
6165
6318
2390
6160
6074
6455
6194
6077
2657
6093
6322
2408
6295
6628
6216
6546
6178
6469
6385
6358
6169
6659
6065
6508
6359
6490
6108
6370
6119
6341
6088
6447
6117
6115
6145
6261
6083
6423
6202
6397
6082
6190
6094
6143
6326
3815
6308
6361
3486
6172
6491
6189
6534
6470
6553
6327
6284
6075
6255
6177
6403
6300
6287
6082
6248
6053
6435
6154
6262
6137
6246
6070
6349
6155
6058
6067
6234
2497
6257
6444
6090
6351
6330
6160
2408
6178
6416
6196
6310
6080
6181
6074
6125
6069
6434
6136
2387
6339
6190
6516
6083
6533
6080
6436
6143
6496
6167
6483
6314
2480
2414
6253
6513
6195
6280
6116
6175
6123
6362
6160
6472
6073
6501
6071
6247
6173
6337
7624
6522
6351
6317
6080
3356
6326
6112
4599
6108
6343
6093
6542
6198
6484
6164
6271
2387
6088
2565
6265
6234
6124
6434
2391
6179
6406
6286
6383
6396
6201
6368
6201
6381
6288
6105
6268
6110
6368
6308
6143
6327
6288
6176
6466
6083
6545
6113
6536
6336
6542
6363
6543
6436
6223
6222
6467
6456
6392
6107
6550
6085
6674
6300
6526
6152
6201
6132
6224
6222
6316
6170
2387
6165
6095
6539
6077
6183
6078
6240
6266
6462
6222
6452
6146
6148
6110
6161
6116
6236
6390
6399
6321
6166
6145
6168
6362
6239
6108
6082
6104
6079
6348
6205
6315
6239
6370
6122
2513
6120
6107
6481
6338
6492
6393
6448
6513
6391
6521
6596
6447
6491
6460
6561
6520
6545
6451
6286
6066
6378
6089
6303
2411
6274
6163
6238
6146
6204
6206
6233
7564
6156
6092
6176
6263
6351
3354
6097
6373
6164
6337
6136
6322
6323
6450
6264
6410
6093
6452
6314
6109
6155
6224
6124
6217
6153
6162
6185
6085
6163
6105
6200
6164
6370
6223
6387
6174
6249
6194
6255
6040
6399
6203
6448
6215
6480
6319
6130
6491
6300
6207
6360
6171
6354
6074
6427
6201
6535
6330
6419
6129
6435
6470
6343
6110
6388
6501
6490
6296
6393
6086
6316
6345
6210
6337
6294
6073
3412
6223
6256
6438
6186
6380
6183
6336
6266
6375
6305
6176
6189
6249
6152
6341
6163
6551
6194
6256
6185
3374
6455
6348
6444
6143
2416
6540
6553
6514
6428
6191
6253
6155
2412
6244
6074
6181
6094
6224
6070
6333
6109
6565
6214
6643
6286
6561
6185
6419
6244
6675
6434
6667
6104
6351
6261
6291
6315
6352
6268
6482
6083
6242
6285
6529
6343
6509
6335
6476
6197
6350
6130
6405
6083
6396
6091
6434
6078
6346
6154
6284
6269
6423
6532
6396
6574
6318
6498
6213
6612
6470
6506
6548
6529
6430
