94330
94798
94964
115638
96175
95229
94899
100513
95060
94465
94616
108371
94588
122964
97285
93676
109443
94337
95125
94001
94125
95512
95828
94097
93468
116952
95753
94575
94588
94780
94885
94745
94292
119646
127521
96265
120070
120626
120079
113551
119275
95778
121530
94291
121889
122572
119305
93562
93151
93088
92983
93002
93118
93067
120663
93533
96127
97694
95901
96575
122686
100018
123715
122203
106376
96124
123322
94644
119170
96740
120664
122098
124090
118020
127957
124667
119315
122451
97793
98002
112804
94452
93762
94841
94956
121876
94633
93970
113278
123884
96349
121631
118784
122834
94265
95318
95503
94813
95717
94683
94589
94622
95205
94542
101614
94451
121275
95400
94921
94468
94861
116625
94493
93730
94553
120407
94954
94576
94810
95324
94998
94835
124080
94005
94457
122539
117195
117874
121686
103812
96639
95684
96187
96941
96050
95732
109021
94060
95110
94920
94318
120784
119420
122850
123372
122736
106386
105620
119253
107832
121599
120311
94668
120453
121937
120997
95397
94981
108007
120527
94461
94087
95285
97646
94785
96006
107499
94169
104568
119096
127706
120291
94627
94149
94676
94832
94388
95471
95492
94681
94850
117474
94513
93812
94759
96433
110631
117429
120672
93546
94204
121242
122227
122203
120756
120726
94940
94145
121024
119297
94120
121835
121068
115661
94620
95378
95484
107116
118846
124284
96723
97245
118652
96135
120146
96019
96325
96690
122281
120070
115771
114488
107993
96245
117263
108378
117490
110075
117646
129923
122135
97188
98581
96867
96554
96503
95372
96942
94478
96769
95734
124396
97613
123734
94530
120657
116483
117912
120306
98124
93788
125461
95425
112085
95294
96284
95640
120834
95744
95405
121544
113891
111823
123163
95255
126353
96005
116435
107270
121426
97385
94997
101967
94024
120518
95161
94581
120035
95336
122903
130858
115176
114150
95752
118724
95008
119689
116129
94716
107831
118133
95123
121861
113241
121644
96031
95781
120277
122250
125559
94844
95687
95801
120599
94664
93959
93730
105470
124477
112952
100746
95461
121949
95863
96077
96770
95292
122737
120302
111038
121483
95443
97874
110215
95780
122557
127531
120635
95360
120801
121323
95684
95527
113457
95641
95194
95883
120676
120749
93999
94257
94680
93933
120614
107593
113139
117377
121143
93949
123000
124072
117963
94354
122883
122422
94936
95012
94192
94577
93766
94080
93553
109895
122116
93927
121299
95664
95615
95786
113328
122561
96517
113761
116159
121214
109636
123332
117731
116273
118117
94124
94300
95145
117111
94259
120598
94414
95775
111631
97445
95225
95408
116379
95251
111291
94230
94269
94066
121390
94981
95218
108991
121518
95278
119404
95975
96492
97781
117998
96757
96519
120937
117219
96237
123209
120645
114428
95877
95837
124572
94301
123102
122070
121699
122604
123066
113920
105901
95002
94316
118663
96589
97371
95762
119618
118891
122361
97167
120714
96242
118758
97045
118285
121125
119932
95109
96021
94849
101083
111969
98858
121219
122195
94378
93562
94119
112676
121663
95174
95570
96087
94887
102350
93945
121025
94565
100677
96615
122791
96112
95996
130237
121923
122277
123834
118263
93435
112552
104827
123869
95099
94384
94259
93437
96902
112575
95972
120774
94935
119287
94490
94876
95048
114338
117206
94009
95405
94848
96628
119219
94921
95593
94867
121463
95764
94980
115680
110392
119268
119352
95842
118668
123925
94470
122883
94524
94472
94348
118239
122986
122397
94077
113061
123496
95277
94283
117470
93925
94256
120050
95666
93474
119995
95398
95431
95122
122422
118654
94971
94947
94170
93795
95444
94572
94160
93967
94096
93580
118518
95001
95497
94658
116494
109675
94655
120222
97774
121661
124026
96050
123554
126074
93528
93503
93370
94581
94116
98073
93752
94278
122275
95382
95348
113503
117377
94091
94555
120150
95327
117240
123550
95513
121533
117965
118174
122001
96370
121281
115399
97098
123765
109840
120984
95942
95231
95808
118023
112755
94975
94899
94842
118840
96183
128042
119030
96608
94486
96113
121109
93477
94406
93792
94604
96541
94217
93407
94347
95086
94361
113494
115193
115519
122541
95541
122141
120790
95099
94477
94652
94445
94742
98653
118760
94426
94478
111220
95626
124395
105474
121568
119859
122378
128652
122754
95013
94570
114210
115232
94660
94535
96421
109166
119034
96159
123027
111707
95146
124377
96834
123171
96492
117421
94711
104288
95947
116517
95451
95986
94322
120395
122828
121957
122643
97841
120782
119940
94807
95566
121619
125481
118102
119489
117722
97032
96450
95719
94980
124056
119248
116408
103878
121624
96184
101450
118854
121621
122199
115036
96668
93622
93396
95906
95944
121001
115846
93620
110360
94475
95105
118439
123596
124669
122256
95010
93646
93824
93375
101253
95636
117858
118395
117133
93849
115836
93007
93030
93397
93667
120198
95228
95142
96076
95103
94365
94477
95022
94718
100312
121975
116198
121096
96815
119397
122177
122115
93746
114001
93925
113624
107341
119407
94445
121319
119575
92999
93033
93327
122268
95787
95394
95014
93660
96286
122677
94700
96966
96428
95569
111582
115900
120983
93741
123586
121205
121031
117426
94585
95147
118688
95237
97969
94650
94803
94601
94707
117216
122894
95859
94957
121338
95552
118850
125950
108474
123104
96168
94587
95563
122370
122192
120472
122282
116953
94572
121368
122082
127416
119857
123096
95215
120282
109835
98384
120250
95271
120214
117079
95706
93684
96666
94076
121246
95326
94057
94112
95057
117686
93409
94032
95212
94171
95125
94060
94376
104964
123262
119388
95504
95694
94585
121869
120598
116761
121211
95140
94568
94213
123552
120604
118737
122702
93452
93923
93488
94970
95791
95960
95983
106532
95264
112249
124625
104212
95727
115095
103386
94762
96114
96601
96464
102928
95586
108625
122900
121971
93242
118926
95530
122180
121370
118019
123090
106487
94459
121886
126243
115420
107130
93427
96072
122601
117389
122757
122256
94366
94809
94776
95100
118421
123744
94791
95263
96578
105879
125480
110270
94107
95836
104815
94832
94358
121187
94775
121796
115834
95714
116834
117475
109997
94306
117510
119789
93055
94074
96482
112675
115762
94044
93738
116442
127922
93435
95809
93095
120524
124586
94006
93956
94338
94381
93305
112204
122457
103630
120302
118996
94394
124416
120433
120846
94427
94843
94785
94338
93905
121136
94363
95415
95846
121951
96932
95651
103252
96576
123233
96115
95642
95046
97027
121397
118581
95910
97844
125242
118954
94499
122346
120294
115804
96219
96653
96255
94864
96348
122904
95863
94815
93550
123860
121171
117818
99834
121434
111569
94509
99693
94943
122736
94934
94847
