95328
66335
95844
66500
66552
66404
66142
68677
69180
67201
68449
66372
69830
74062
87044
87942
81434
95275
92746
93783
97735
99355
68359
67404
66709
92478
89222
83874
92613
88640
69066
68301
80322
94334
82769
79854
68941
70434
95590
68115
69937
69201
71115
73427
67184
74261
71080
86578
92250
67694
84061
81890
86581
71907
73295
79193
94656
69986
75910
88140
66488
66426
93622
86788
94162
87848
81280
85027
67169
92549
93728
97972
90956
83305
96333
86405
91551
94338
94064
95832
68472
68224
95255
94270
98638
83979
66721
69078
69278
69780
68284
68372
73442
70538
74460
71754
69722
74287
68079
89660
97695
67962
70219
71992
78275
72749
88502
72902
71084
70816
68750
67325
78499
67593
92741
89937
67852
68004
91282
69717
67769
68206
86868
94984
78762
79289
91903
81775
67142
67543
92755
92770
79877
68178
67851
71444
91704
67318
69001
85089
70380
69404
84015
95781
66943
67139
67191
67933
91032
68091
68025
66948
93797
68133
95881
67077
73719
95702
68261
67935
69810
70568
68370
94327
68252
68079
67732
90020
96850
67720
93105
69492
87971
103877
68025
67244
90743
94877
68279
70171
90407
67598
68878
95250
94542
67471
92581
94575
69093
67654
67734
67099
67103
92724
73281
79864
67754
95629
70556
67182
93651
68324
95449
68219
67314
66687
67930
67818
67855
68065
80101
67946
89563
72322
96482
68026
66661
66833
67070
90129
67049
67222
67301
97488
67604
93428
93112
97423
92313
93690
95296
66643
83824
85620
67817
67603
97030
94496
93451
67690
67435
67308
91414
67889
67570
67023
67860
95283
69448
67770
83846
68929
67957
74613
67538
84030
91991
68410
66978
67093
75749
68344
66903
90459
67824
84133
91216
96697
74264
67114
90325
67262
66777
66949
93741
92216
67793
66896
93799
67199
67185
67243
91487
66741
86193
67670
94120
87003
90083
67600
68120
67601
68119
87713
94101
67879
68109
69283
93657
95042
90909
96544
83313
69109
68281
94182
93021
88023
69456
91601
66048
94208
93209
94824
90278
91989
94775
96486
68232
93570
86506
79580
90169
83686
93089
94077
89339
69087
68016
79554
90142
77909
87999
86999
92746
66681
66938
66710
67405
86184
67238
67286
95430
77715
79799
89513
94626
95334
94546
70294
76671
83933
92616
93158
66691
92404
66750
92886
68090
68559
67480
68621
68008
68427
96305
67901
67063
67374
67026
67973
67510
92591
67534
68036
69707
69796
93603
67593
93299
66988
66457
67883
90451
85214
90907
97060
96086
95872
68950
94287
90108
98198
94138
94483
67704
94814
66659
66207
92791
91728
94930
76148
67116
92040
92120
67941
96182
87212
66616
85149
92295
85897
91061
68072
67868
67519
72595
73652
69781
67579
67468
67418
67127
67241
66953
67493
95083
80288
92967
96497
69504
68234
86621
72008
83814
94316
68166
67557
66831
67055
67182
67926
91995
88911
95740
68505
68197
92945
94829
67547
87363
69640
95777
94921
84969
78344
66661
87338
94998
89062
67572
91813
88285
67377
88709
93963
87614
89595
79872
67151
66952
95650
67330
67939
100813
67622
67223
86742
66267
67381
67211
78613
91144
86834
85726
66873
88272
84630
93666
91768
92552
69385
84523
87072
89449
68832
83708
90847
90589
93958
94956
87468
68912
90339
92572
67989
95692
75138
68730
96334
69167
92341
67915
91946
86117
96979
67090
94109
67205
67246
94004
66735
67509
67329
92702
73095
79962
66916
67233
66437
67396
67579
66506
94655
66865
93536
85214
68179
83660
67391
66918
68128
68109
66919
66759
66792
66860
91177
66531
93639
68719
78736
92812
91544
66651
88097
91743
66575
69440
95534
93428
67169
86706
93704
90400
89640
94497
93799
66893
67089
66658
68594
94756
72756
89051
92381
95956
67626
67312
68119
68032
93285
97417
89070
98435
66712
94015
89091
67806
88889
66795
89363
90486
95693
67855
91555
66771
67756
93368
72110
90451
65940
90410
94505
67408
90760
66599
67556
67569
66954
87218
90506
68414
68050
66997
92282
68065
90520
67338
70074
92487
68190
67050
67156
67295
67635
67042
66276
66652
70099
66885
92994
93570
97026
92999
92038
68771
85651
91134
67734
67094
67848
67589
67368
67690
68288
95026
82321
67050
84180
66462
67089
87652
88408
91198
89763
97889
91671
93682
81196
78968
77771
67851
67131
82134
95900
67749
78609
68438
90581
66409
68028
92005
67927
89664
95993
67828
91210
91486
93079
94868
96453
90972
66404
67086
66828
67078
90512
94944
68719
67567
67250
66426
67276
67397
95577
96175
90270
67037
67095
91179
67409
89496
67123
67075
67985
69100
93608
67819
94823
96726
86769
66275
93189
93953
95075
67764
78806
66887
67792
94936
97049
67795
95539
92837
93822
91301
93122
88806
90207
84575
67241
89328
67308
72499
67087
94313
93766
93727
95476
90261
94490
94064
67734
67815
67717
94837
94850
94610
68519
67084
67261
91863
90405
87691
96714
95837
68063
92208
67334
96962
67029
92372
95448
92079
82392
68109
68692
91159
94571
67172
67782
81256
96849
94359
91493
67647
67543
66613
95577
88975
90996
96246
89222
92434
91372
94476
97754
66692
94165
68231
98049
68500
68138
67565
67203
67461
89350
89452
67160
67600
67629
67562
68074
97106
94958
98038
95392
77898
67101
66831
66665
95141
96505
92479
97207
67602
95296
67348
67164
91105
67731
73528
88956
67395
87335
67213
67748
93836
67983
67852
78453
67933
85902
68209
67566
94950
92889
79967
94714
67411
89075
88176
92896
66875
97786
91279
68490
68937
98731
98344
93184
93711
83245
68208
91409
89196
67254
94029
67149
67628
88489
67872
88148
68664
67929
67906
66978
68394
95153
67289
90462
94857
67465
92569
92650
93507
93324
68109
98040
68865
67391
91304
96088
92216
68227
67542
88954
95292
66746
75556
92735
86103
67006
66835
93360
79941
67703
90037
68222
67645
67929
97598
70546
67065
68072
96174
68324
92623
92038
92826
93569
93052
92771
90601
67556
93679
67591
67165
94313
66942
67155
94807
81141
92729
87674
67693
70090
67147
68039
92124
97014
88214
66728
67326
66689
66755
66393
66477
67056
66522
86500
95468
93196
95367
66853
67795
67608
67174
67774
88582
67461
94823
68897
67765
87001
78185
67986
68000
94586
66680
92246
67999
96804
92247
67628
81327
90749
82663
90228
89345
69941
82287
92623
94224
93646
96973
96547
88267
86322
96120
68566
69573
84087
68022
86486
67783
88727
67782
67861
68456
92324
92180
67941
83741
67672
93243
67900
67661
67436
