77274
77072
76513
75653
75672
89587
76659
75763
103213
102944
103492
102564
91404
99748
103598
100830
103661
76493
104439
101251
103496
101812
89214
77591
77014
76337
101443
101109
103655
77431
76095
75352
75219
74996
104404
104498
105260
76324
75664
76196
103024
88060
100640
103376
103640
99293
75098
74565
104605
75150
101670
101578
103762
101256
98333
76486
98838
76819
76939
101384
102431
101690
100598
101993
100761
102731
100022
90846
75691
76379
76270
77018
76311
102244
103241
101700
97226
76766
101737
75975
76012
92594
77020
93250
78272
76417
95635
104907
100811
76855
99593
101677
101940
103718
75706
76742
105574
89092
103346
75073
74875
74867
75928
75847
75557
100317
93203
103872
103059
101868
100246
76409
104689
101980
101313
76041
76489
76685
101713
106549
78539
84269
93169
94105
75741
75244
79501
76187
98523
76260
102652
83740
75398
97665
75307
90050
75181
96661
102292
102941
100868
75914
75513
75541
76624
96006
97207
101714
103296
88868
104943
104467
76347
87081
95618
75991
101292
103524
103220
103593
97567
98043
101337
103631
97663
76099
103441
102343
99190
103257
102531
103557
104713
102892
106590
101632
76347
101773
104261
75948
76501
103842
78081
77835
100594
102794
75476
103545
76126
76798
76496
101054
75794
107735
100120
76846
75914
88100
103580
75081
75167
75560
101867
76332
100531
103403
75921
101977
101203
75018
75263
105409
95497
97956
103119
103318
102267
101103
103580
101935
98786
75445
75721
100284
76159
101279
102597
76414
100478
103555
76740
75764
98344
83704
76046
103846
100237
75262
74830
75284
102172
105892
104349
76115
74784
75862
75307
98257
76261
76911
76932
76414
98903
75632
94441
75266
74703
75011
75565
75305
104398
76566
76464
100670
95996
104448
102299
76390
75353
75266
76429
77712
106860
97520
75162
75695
77175
75450
75668
76084
98726
103297
75898
75673
76400
96381
106479
75766
95383
103614
97508
106146
101357
76761
76230
100273
104358
76174
112071
77867
83110
74837
105908
77227
76355
76809
95158
98063
75289
75142
76546
75436
102952
96315
96887
77762
79861
77047
105997
76273
77005
76634
76818
104107
99944
76158
98871
75105
102425
89103
75710
101499
102726
102792
92273
100350
93260
98518
100243
99491
100070
95960
76005
75449
75162
76158
77008
76416
99342
77403
76622
77111
102240
75196
76361
74891
74830
75787
101884
76305
101998
75613
98597
76284
75335
75580
75595
75824
75243
76297
76337
102913
75824
75733
102438
101565
76439
74972
75797
99183
76179
75357
75916
75049
103517
103444
75968
100147
76006
74989
75187
103506
76516
101772
104117
106394
76886
77346
76499
76899
76255
76911
76777
76349
75523
102448
75441
102641
102050
76980
76589
90575
97770
76737
98023
76340
76555
103384
76738
75977
76424
76380
75608
75709
75935
75756
102002
75892
75291
101224
102849
76144
76284
76145
75866
75567
75651
76672
76090
76112
104513
99178
76022
104212
96708
76951
75747
75566
76406
93829
76093
76205
99096
76414
102185
101206
75886
75829
103441
75516
75524
99078
75259
102178
75870
75241
75928
91803
78366
90102
96741
103350
100405
101541
105011
76216
99249
75582
76143
91133
102750
98637
103701
76743
90735
76437
76225
78327
93747
102078
76461
102409
76235
76234
76811
100729
106735
76711
76872
102496
106097
86824
101583
76037
103230
101571
103541
76591
76912
77424
97231
76864
76745
75406
75996
76193
102115
76389
75704
104020
98354
76644
97703
76519
76327
100212
76672
76731
76338
76840
93660
99224
75279
75535
74531
74489
102230
102716
79336
102260
76000
75277
106669
93685
101828
103621
82127
94414
77290
75497
75840
76002
75346
101357
101661
87669
104574
75577
99871
75708
76237
95363
76135
99900
75609
103393
75185
100696
75656
97650
76182
92456
104108
76610
75578
101553
75255
105173
86980
75180
74930
102033
75353
75905
75000
75304
103044
76086
76340
100941
76272
101973
79083
105580
99971
76396
98058
99356
100636
107895
76035
75847
105619
104796
107961
76560
76507
76542
83310
102779
101747
104274
75503
75786
75657
74781
75728
76328
100238
75084
75773
98887
75582
75631
75605
75696
75638
79978
75511
75741
98915
76200
101539
89435
75073
74987
105794
102910
86717
80199
96950
75328
101669
103536
77841
75140
75646
102591
76196
101901
79121
77320
95538
76622
76052
76631
76413
100108
75712
103556
77090
105040
78646
75051
103706
75190
101439
88177
76037
102976
76036
76344
77047
102879
99249
101547
76668
99763
76618
101435
75990
100133
80335
111958
102313
77783
100444
104207
75972
102895
76674
102318
76705
75883
93276
76255
102325
100582
103027
75763
75994
76508
76463
75925
87369
75149
75513
89830
106324
100970
103300
75488
75436
76488
75806
97435
76807
96073
75502
76169
104912
76957
103463
74979
76163
76143
102486
75703
76009
76319
76228
75766
76131
101258
104775
75897
102423
103047
76527
106034
101410
94390
75936
101282
75711
100129
101020
76017
76492
101283
76194
75469
99835
76864
77421
98601
76489
77838
76475
100988
75854
100677
76304
77364
76565
75936
100591
76175
76295
100958
76551
98273
75456
101613
102790
105737
103850
103030
77279
95930
101737
76304
97867
76422
77494
79604
78334
76544
76108
77029
76554
101921
104571
75068
103302
79691
104751
95890
76443
89872
96514
77329
101508
76000
75922
104312
76528
76014
105561
76202
103809
103225
76190
106083
107068
89499
74767
86763
95315
102599
78025
101209
93943
74774
76475
102983
90150
83616
75197
100107
77813
101638
102700
101702
103955
77328
99516
105098
75706
76090
99228
103351
96977
76556
102552
76477
81641
76912
76796
101388
106760
79077
103082
74677
75107
102401
98854
80310
97844
79236
76239
78683
75468
99782
104628
97594
97698
76136
76263
79386
90445
77145
77380
77788
79102
78761
83908
75791
75367
97822
81697
77089
98906
77160
102601
75688
76256
75893
76335
103929
76486
83382
76209
76292
100233
76553
75893
77270
76811
75845
75559
76559
76939
77045
77352
76903
77297
77252
76407
96648
97666
100531
101067
105443
103971
76895
87926
104040
77604
104258
78562
103183
76981
76907
75916
76247
76762
76475
87932
76565
78450
104521
105959
75214
76037
97597
75768
104482
77179
76917
77501
77568
98914
76595
76718
76874
76077
104029
104475
77517
106292
74693
104697
102727
76749
101659
77746
77150
76605
77626
78014
77810
99744
76892
76237
75641
76583
77869
77417
77611
77704
89753
105315
97980
75023
74529
74828
74477
74691
74613
75030
98771
95706
76640
105248
77727
76381
76107
116192
84250
99947
75873
104141
76714
103662
76400
100733
75401
76133
76743
