37246
64641
37745
37936
64772
66050
37400
37209
37158
37140
66818
37276
67138
68579
37565
65939
38859
37845
48375
37451
37410
37341
37423
54416
51306
37471
37102
48296
37135
37113
63408
37357
37408
37234
37846
51085
37132
37123
37118
37109
37109
37143
37117
38008
48368
37290
64455
37125
37125
37140
37140
37173
37129
37118
37119
37136
37236
37212
37284
37398
51406
64893
37130
37109
37140
66489
37159
68264
66404
37118
37215
37153
37101
37107
37112
37141
54234
65282
67202
37466
64863
66479
37138
37100
37123
66030
65873
37107
37099
37122
37107
37122
37125
37121
37109
37539
37115
66927
65720
66593
67618
65970
37103
37119
37103
66917
37111
37102
37162
37164
37432
60415
37110
37109
37126
37112
65168
66700
66253
37116
37110
37105
37101
65027
37196
37110
37102
37109
52228
37097
64009
65399
37157
37149
37194
37177
37177
37134
37132
37187
37125
37345
37167
37918
37476
37379
37117
37145
37164
37209
37141
37135
37143
37115
37115
37138
37822
63432
67769
62018
68775
37099
37113
37138
65041
37148
67044
37199
37137
37173
37186
37120
37121
37105
37119
54649
37108
37426
37096
37109
53944
65899
65867
37167
37155
65522
37114
37102
37709
37118
37109
37106
37112
66455
37136
50456
37159
65973
69275
63911
37478
64399
51940
37142
37929
53429
37135
37163
37144
38205
37188
38029
63161
61067
62467
37836
58505
37161
37231
37245
51302
37128
37158
55803
37102
37163
37119
65005
67277
37348
38056
68616
66425
39419
37164
63671
37432
37349
37148
37122
37108
66711
64851
48967
55789
37127
37129
65970
37305
66605
37170
44381
66562
64290
67169
66861
37315
65546
67092
39157
38145
63828
37733
67028
38909
61218
38527
65146
38239
64087
50065
38497
65177
58762
66756
37185
37161
52091
65161
37197
38121
38985
37297
37126
37129
37155
37132
37121
37172
37122
38432
55457
37505
37232
66476
68392
37112
61650
37772
37609
37568
65971
65035
66797
37137
37116
65057
37104
37148
37114
37146
66194
64450
38315
51669
37648
38157
63566
37117
62060
70601
37486
37232
53887
37133
37309
37667
66788
38294
65830
64313
68247
37557
37480
51012
37157
37119
37117
65063
37164
66777
65170
67571
63856
37140
67214
37171
37370
63421
37129
37132
37135
37168
37131
37122
37124
37247
64374
37157
37107
37111
37103
52831
37099
37110
37106
37100
37108
37158
37181
37122
66443
68323
65938
40225
64919
38052
46214
67285
61707
37143
37373
50549
37398
37332
60484
66042
56707
37165
37486
37192
64412
37292
66337
65385
67280
37104
41725
51047
37143
65804
66393
65022
65583
65337
65605
65034
64867
65159
37099
37107
60232
37114
58316
37132
65801
37732
37365
37125
40880
64559
37242
66090
65494
55507
37365
37249
37261
37529
37229
37171
37344
37483
37246
37324
37588
37197
37241
37133
37140
37103
37112
37100
66358
68341
46454
37289
37512
64587
65567
61037
37109
37131
65825
66337
64111
37788
66718
37415
63091
37181
37757
37410
68544
38402
37328
65733
68456
37099
65652
62525
66470
64564
39302
39566
69181
57869
61374
64191
37579
37440
63942
38582
57397
65757
62138
67848
55181
64172
38082
67487
64242
49820
51907
37103
37134
37171
66416
66748
63328
37164
65951
65590
66550
65624
67030
37761
50850
65025
65390
37190
37157
37129
37129
66434
65994
67405
55704
66023
66360
64608
65947
65663
65708
63304
65000
65685
65605
66129
65675
37149
37106
37144
37185
37101
37120
37182
37112
64987
52225
64376
65194
37161
47590
57860
66454
66440
65408
67322
58625
65464
63918
37224
37236
37147
37226
66235
37135
56074
37136
66602
37161
63782
37106
37317
37124
37119
37182
37607
37522
38191
57387
37459
64849
69569
46220
39421
38796
41100
48568
38783
37892
39065
54351
37203
37288
37167
37160
66165
37147
37140
37278
37423
37523
63902
49813
41569
40351
38535
37454
37116
37158
37134
37121
37359
48408
37243
59187
40490
65040
38602
37237
37125
37116
37124
37177
37846
37182
37143
37314
37341
37141
37167
37128
37188
37263
65793
37253
37303
37377
50516
37245
37332
37278
37285
51846
37106
37144
37151
63874
37160
37197
37133
37120
64318
65210
37135
37127
37596
37194
37184
37118
37168
37159
37131
37153
37256
37207
37395
37277
37365
37300
37322
37265
39191
37468
37174
37197
37162
53471
37126
37310
37196
37237
37149
37105
37130
37130
37110
37106
37105
37128
37122
64225
65966
37111
66667
66069
37127
37103
37754
66468
37097
37174
52337
37184
37150
37147
37138
37138
37138
37141
37100
37116
37113
67143
37105
37182
37149
37127
37130
65284
37109
65983
67660
37132
37138
64657
37137
37352
63877
37112
37114
37118
37125
37113
37119
37108
37105
37104
66133
37108
37559
65059
37169
66426
37139
37146
37153
37150
37159
37304
37113
37126
66266
37124
37379
62945
37130
37139
37125
37127
37108
37111
37137
37110
65965
66101
66428
37144
37112
37105
37114
37107
37094
37104
37108
66645
37166
66022
63316
62927
37193
55318
37251
67388
37201
66551
37103
66788
37139
65081
37106
37092
37149
37126
37127
65240
65260
37307
61235
68497
66378
37119
38073
64836
37127
37145
37448
37117
37117
37119
37104
37128
37115
37105
37109
37106
37115
37149
37121
37595
37352
50680
64118
37557
40331
67343
37130
63941
66150
37111
37125
66389
64848
37133
67926
68778
41650
64183
48369
37115
37132
37099
66540
64140
37141
65788
65154
65453
65651
37125
37120
37211
37116
37174
37108
37164
37131
37110
37236
37181
65239
64335
65183
37214
66450
37259
37312
37231
37207
37164
37171
37218
37152
37339
37230
37206
37192
37142
37214
37157
37156
67901
66434
51838
65608
66747
66818
64299
37189
63730
37151
65261
65859
65730
65781
66234
66058
65795
65083
65338
65748
65636
65798
52434
67431
63918
64444
65261
65515
65663
65601
65771
37199
37455
37131
37129
37109
37120
37113
37130
37101
37142
37138
37116
37165
67851
69477
64345
66765
64332
65342
65614
65561
37697
37217
37116
41323
65890
37105
37141
37114
37107
37124
37111
37168
37162
37093
37104
37116
37148
37152
37112
37143
37191
37222
37112
37105
37183
37401
37115
37116
68354
69428
64897
65483
65363
65766
65497
67522
67939
64872
37193
37123
37113
37119
37247
37485
37136
37187
37155
37206
37318
37307
37343
68201
65044
65552
65261
66018
66194
66319
66238
65861
37100
64573
65224
65214
66220
67429
69055
37115
37126
52818
64926
65538
66453
65667
66084
