107922
85231
86155
113386
102871
86926
105015
111900
111489
110656
97480
98945
106929
113720
84008
109530
112447
105862
86020
85750
85468
113392
108571
110278
113448
112711
85452
108902
116234
111087
108123
86150
86574
86771
86231
86357
106852
85298
85464
110806
114459
85767
85419
86536
114123
106658
86780
87132
111766
105855
105906
108747
91173
86588
88718
85504
85624
85584
85063
85093
85162
109652
85599
84502
85950
113384
96971
85142
99359
85231
112383
107934
111389
109818
86094
85312
85195
85046
86170
85428
103508
91753
85587
108500
84143
105706
106591
86057
84944
111679
83491
85843
85452
109952
85410
112124
102882
85063
97060
84391
112011
85928
85077
84990
85459
111277
100965
85584
85760
111739
84736
87422
85869
111431
85750
85247
84384
85153
115293
112591
112712
103650
108269
88796
112897
84767
85434
106722
112585
84618
85257
111356
117062
84721
84986
108202
109813
106365
85091
111550
110611
109049
84896
112203
85049
101471
95906
86649
111879
84409
110188
112844
112344
110143
110860
84906
85200
107820
111006
84775
86007
109767
84929
83892
110026
105047
111928
85104
127847
84485
103355
85653
101582
106635
103518
90715
108611
84922
112344
113972
85504
104360
108068
84178
84803
111069
85734
86255
109583
84955
112189
85969
110909
84660
113185
113481
85452
86016
85463
110391
85818
111526
104315
106886
111365
107064
85055
103104
84932
107804
111522
112991
85008
103679
113790
113223
109267
86567
105744
103735
87007
87507
100994
85081
85347
86488
112754
85745
107697
90697
106598
85618
84287
84495
86198
112274
109986
86398
86650
106653
111200
85570
86425
112017
85644
104925
104802
86363
96431
85855
85556
86693
86559
106016
84526
84473
101316
105552
87089
84340
84108
84702
84517
83706
84684
84891
84272
115342
112979
85169
85853
85357
111188
110826
108133
109374
111287
97325
109088
84900
85359
109874
85120
107194
85709
105240
110373
109015
109714
112165
112375
111959
111109
110947
102941
114327
114010
107603
84970
103658
113882
85933
85592
87602
109663
113511
116555
115348
84618
111924
107990
112660
110099
85370
111953
110729
109184
115028
86534
114859
87414
106334
88192
109240
86678
110345
110940
111039
108614
85492
87079
112924
110885
115735
86843
87106
85237
110757
113232
107822
85191
85642
85430
111237
86393
85447
102775
89616
86035
85804
110471
84622
86362
109091
110852
109093
110067
85848
85742
85900
85931
106517
114534
112769
84591
84786
113447
110244
108341
112356
113901
110173
85836
86057
86771
87399
110582
101234
111992
113529
101437
85153
84734
84899
85494
110803
107629
103296
84640
111236
84967
109982
85330
85187
85319
117089
112248
85766
85855
112845
111143
113600
89502
108685
97653
85268
105129
112094
86002
110816
92464
111872
86019
112035
86602
86232
105943
115025
96892
104565
112729
85049
86839
113304
110088
85958
108454
110396
85855
110505
109115
111171
107265
85256
84802
84991
85047
85272
86055
107641
111626
114634
114445
112825
84838
85314
101200
85268
85743
85103
110780
114868
84590
84840
85457
85596
84807
84596
104882
112517
112002
85198
115638
107520
85367
110875
84399
84560
85115
85107
89686
86039
109415
86204
111675
87932
111724
109059
88076
105813
110448
113715
87163
111985
112627
85725
85572
85364
107323
110540
109967
113751
85585
114863
85587
112929
85457
86755
86579
86561
86714
111745
86098
114251
84617
83842
115123
84461
83839
104789
101756
85192
85451
116435
126549
84780
104453
84918
85169
106675
85695
85390
86602
85562
85886
85471
84582
85359
85590
84249
101377
85910
89624
85164
85726
106454
113785
87071
112916
110671
111629
85018
85114
85553
86164
109370
85764
85217
85367
84659
84460
85281
84877
110063
85158
85925
115230
113739
101855
85264
85051
85903
85636
85583
113354
96604
102151
84797
111820
86541
85009
113427
107545
84551
110588
92593
86718
88252
85247
109620
107142
84693
85143
110316
86168
111631
110165
108686
111407
101661
85220
86373
111818
111246
111231
112013
99783
115602
84660
84812
107390
111052
85221
108785
106252
113009
111393
86102
86978
111973
84321
114236
107380
85068
109889
84709
112737
96395
110929
86261
105496
86117
86791
97253
90256
87395
85855
85718
86420
111107
111670
84670
105003
111447
111638
110447
111307
89350
110448
108791
114043
86609
86389
86451
110745
90750
104217
85606
113838
83887
85930
85936
113610
113771
106725
111210
108770
113557
113622
100060
85864
113246
112993
97999
110247
99608
86686
85614
107506
104480
114041
85438
113393
108203
112374
85904
88776
110006
114861
111511
85160
84833
107507
111753
86358
85281
110757
85964
86449
85513
86151
124907
85887
84997
88653
85850
111148
104347
112091
90534
107298
107693
115868
83989
85976
84007
108824
84156
85480
85367
83795
84426
110074
89901
100214
85357
86624
115053
84950
83726
84288
84928
84750
115124
104091
111279
110245
85320
106839
85166
85759
88277
88352
85975
105862
84170
109781
88117
111081
84237
85075
87197
83708
110659
84409
86082
113706
86548
84711
111484
85544
113965
112798
110370
84698
87001
105493
110689
87620
104629
101005
94139
112606
105991
110052
111166
111830
98161
84756
86356
95234
113412
102987
84288
113140
112067
85220
88810
113184
114428
111474
87548
111233
84331
85592
85371
86331
87265
86524
85903
86140
105847
87456
92887
108565
86855
108518
85728
112915
104690
86798
85825
114334
84734
85228
111282
84183
85225
84647
84478
111941
85032
90147
113193
85074
111538
113828
85297
84248
111050
85465
109325
111620
84739
84895
84468
110632
84037
111389
86710
110884
85299
85649
110995
108150
105119
111524
86022
110854
87326
111144
85449
85767
84394
103999
110746
87467
112115
87215
84712
85500
110168
84885
84945
84905
97601
112061
94882
113209
105250
110418
86351
107400
105829
85751
98120
112806
108675
116766
90700
92558
85383
111686
107770
109117
113980
111527
111918
85324
84655
110848
85270
112795
111088
103840
84580
87403
110937
87466
87378
114223
84616
105956
111233
108421
84371
85801
85145
97180
105277
86286
106327
111402
85961
109085
112882
110398
86670
113409
114513
85027
86192
113525
85061
109218
84699
85016
110940
85090
84734
84259
110022
85716
84241
85356
85850
85020
103959
84993
85094
84341
84433
110172
85732
112996
85724
85473
86588
85232
85663
85738
86532
110570
85450
84726
85420
85033
85241
99174
86079
111043
85705
112284
84983
112069
84387
86135
115951
87189
85777
85396
86383
85427
85862
109683
88677
84619
105175
110683
85179
85651
113658
86646
102147
85194
85102
86494
105325
86361
106514
111180
85188
112425
87182
100340
84733
85875
85557
89502
85883
87578
86372
87879
87832
112083
85498
97283
94842
85487
84283
