38544
64136
37738
53878
38066
38313
38127
38032
40341
51440
37625
37859
57074
38112
37861
38032
60860
38139
38758
63311
37996
63534
39165
38495
38194
38357
39403
38316
70210
67913
63089
38110
37669
38768
63796
65032
66794
64097
56185
38296
49224
38577
64775
64947
58148
58077
39172
66524
66466
65091
38120
38260
38869
37695
38231
37996
38094
37864
38149
38227
37904
38425
38222
38041
38018
38108
64640
39585
38905
38443
59465
38380
38160
67106
66609
38534
66452
62557
37691
38655
61239
38397
38295
56160
38569
38248
37849
73163
37856
37940
64849
62879
55700
51689
62064
38354
38746
63380
67676
39174
59955
42204
65775
67557
59402
38443
38356
38118
37656
67234
65795
65079
38123
38715
66779
51131
38075
38569
64907
37915
38297
38163
38075
48402
37934
37882
38148
37828
38081
37991
37963
37874
37932
38127
38759
37984
38002
38102
37906
37990
59807
37936
66880
67678
63005
37959
37939
38319
38053
38261
38510
38059
64087
38340
37717
38091
37916
37952
50477
38920
62471
38016
63938
38677
38362
38388
62790
64835
38716
37644
38300
38196
38340
38524
38595
38952
38926
38287
38062
38445
39757
40680
38387
39096
39380
39699
39304
38611
38042
38511
57987
38261
66511
37923
38202
38120
37885
38029
37813
37807
37827
37677
37801
37906
37906
38365
38681
38438
38779
58939
64705
56134
38208
38232
38619
38525
38557
50701
38648
38373
38368
65359
37985
37772
38433
37716
56123
42629
37635
67177
63800
38217
38553
38294
67531
62568
62386
37943
38669
64140
38032
37618
53597
37953
64052
37911
41675
50955
54447
38002
37764
37735
38143
42918
51218
37877
38168
41687
62807
38058
38106
38252
47954
38169
37903
38218
62674
38144
37716
38439
37871
43689
63954
38079
38282
38406
37856
37622
51562
38219
37988
38118
44153
38535
64624
43376
57941
38162
38254
37742
51686
65787
65388
37860
45233
45971
46733
67287
67629
60420
38257
47955
38341
62422
61894
38744
38243
38335
55080
51936
38917
61630
63101
38198
65024
57400
65424
65116
38546
67084
54009
38766
38750
64323
39388
38900
38927
65853
38578
38360
37858
38770
38895
38976
64676
38201
38471
38582
39534
65147
64792
38227
39124
64422
38170
67785
64542
67777
67741
55556
39208
57772
38274
38112
65466
65281
39141
62578
62506
63801
65112
37934
38214
38351
38355
61167
63848
64419
38097
65076
38197
58239
38399
46818
38484
38815
66181
38629
58904
38494
38693
52722
38726
64318
38542
65719
66734
57564
56165
62827
63379
38388
38316
39846
39117
62843
39148
39513
61647
63915
60927
64506
39202
38783
37781
66184
66292
38610
38616
39077
38576
38549
38639
38737
38605
64462
38120
38392
45641
64852
49405
67248
65988
38455
66543
38083
38442
65494
66717
65277
38574
38392
38361
38023
64743
38253
38842
38325
38995
39528
38734
64608
38109
62364
38539
38732
38191
38962
42819
53991
37838
38259
38117
38073
59257
37944
38131
38145
37962
37699
38078
38303
66271
59562
55218
38002
39034
39317
38421
67405
38410
38295
38573
38989
38614
38830
39280
62738
66827
39172
47844
37628
38810
67266
64568
60138
38051
59195
38752
38001
63467
38147
38466
38552
38306
37983
37858
37987
38398
38414
37963
38820
63318
38204
38157
71895
38311
48517
37878
50859
52252
56897
38017
38331
37864
64284
37958
38624
64163
38838
66450
38347
38421
62440
37648
56324
66296
37508
37617
38633
38132
38181
37803
38089
64079
38505
65343
38131
43668
57300
38476
51644
38461
37854
63961
37577
38239
38336
37860
38009
64842
38594
38250
38666
62520
38233
38106
38533
62081
37656
38540
38836
38582
38866
64044
37841
63632
38477
58445
66210
38156
64134
38287
61822
37704
38199
60249
38493
64526
37986
37699
38102
38365
67397
38354
37978
38120
38541
38358
65165
38051
38070
38409
38602
38512
37967
65162
38347
38305
64873
37680
61617
38340
38456
38607
38019
39421
61688
40293
40262
39434
39387
56052
39122
65566
38931
38688
39418
64228
38539
66475
58529
38281
38372
38399
65415
61301
65293
67039
38455
42985
51187
62298
38133
39019
63999
65053
38413
38163
38055
38051
38569
40201
38326
38967
62672
38132
38116
37890
53570
65767
38748
38195
38112
38243
38380
63959
65051
37902
37907
37590
37911
37909
66546
38324
65026
38440
38030
38254
38015
38236
63136
60392
65169
38177
38941
39407
65819
58139
38119
38555
37926
66546
61717
38214
38867
64598
60302
38420
37828
39176
63146
38568
38435
38743
61522
51931
59663
39062
38459
63204
38984
61585
51474
37828
37938
38073
38138
38585
38898
38613
37827
37464
37744
66133
54988
62130
38305
63970
38766
38466
38314
38705
52014
38063
38284
37831
38211
38061
52117
37612
38561
37819
38221
38596
38411
38882
58918
38979
38770
39149
38702
38769
38850
67906
48702
62703
37804
64711
38159
38428
38957
59177
64628
38471
38256
38301
38523
38517
66426
66441
38217
45031
38335
38108
38928
56746
38027
62115
38732
66546
38805
64747
64126
38346
38098
37990
47681
39082
38617
62357
38341
39503
39103
39783
38929
39372
50253
38772
38214
38319
38752
38693
38436
38419
38179
64589
66056
37856
37661
40623
38743
64799
65264
37982
37973
65334
67330
38470
64405
37795
37851
65577
38208
38261
38259
68902
63435
38724
38448
38732
62898
63865
38628
62475
65241
37879
61924
61423
67008
38775
64559
38528
38736
38751
39017
67810
37534
66376
38302
38556
66082
38576
60800
39257
38580
39212
69331
38254
38026
65211
38036
43759
64827
38040
38153
38853
38080
39163
64669
38771
38427
65058
65334
65356
38855
64433
61978
54944
64002
63526
38066
64682
38437
38516
65330
64859
43868
64382
38745
37984
38564
38675
38345
64919
38154
38220
63176
39152
38664
39116
38163
63285
37933
38052
65444
38887
37925
38523
64859
38187
58272
60081
66396
65377
38594
68028
51248
39070
37821
38915
46300
64153
37996
62082
61562
39002
38446
38851
65155
38186
38030
38235
38188
38088
38022
63682
37936
65591
64004
37603
37940
38285
60610
37699
37808
68219
63713
38000
37656
37958
67767
44989
38517
38179
37885
66939
38701
66260
41127
38021
38059
39962
37815
37659
37728
37716
66941
63547
38553
38638
39169
37668
37691
37673
38156
37725
37868
38171
61826
38554
58998
59373
37583
66525
37693
55998
37776
38074
37877
50112
60405
66679
38624
38926
38614
59503
38035
38137
51263
37874
64290
38399
37587
66316
38194
62990
61061
38651
38360
