79203
51419
52804
51796
52121
77529
80706
55125
51898
76328
63385
77761
82153
71397
78800
77031
51971
51757
66285
80555
77357
77360
80872
76336
65714
51447
51463
75571
75810
77547
79450
52526
52796
53078
53777
78960
52789
79032
52836
71062
52792
59934
53139
65956
52312
78050
51204
75425
52374
51272
79602
66197
50977
52134
77323
62820
52105
73591
66249
72926
71248
52797
72032
52489
52233
79185
80293
70261
51495
76392
52770
81092
51311
51077
51373
76738
52855
52258
77747
77436
53617
78249
68815
52286
76547
73807
80586
79121
68881
51667
50977
65032
51059
51976
52208
75807
77669
72985
69661
77188
67068
52959
75084
78291
51684
81132
52444
52516
76678
53254
51414
76703
79179
52459
68608
81595
58243
81913
51805
75409
52771
52487
73122
52801
75427
54949
52063
52321
78977
74279
51320
78323
52363
52405
51995
52509
52807
52084
52667
57025
52638
53002
52337
78240
52481
52182
52725
52857
52775
54988
52422
52407
52670
83578
67277
52577
52528
51983
52358
51373
76975
51365
51775
51923
51466
52145
60213
77274
52382
52463
61998
52143
76788
68844
53012
52904
52468
77921
52554
76103
80301
54348
72879
81384
78580
51716
71636
66645
75345
52477
76712
52110
51496
76252
51919
51763
51775
77990
81617
75935
78828
52838
52064
80631
80397
51353
57323
77759
77591
66552
51630
52181
65121
75175
51883
66924
51794
51665
52897
52178
74911
52000
65855
81821
52230
51460
51768
52727
76117
51581
53099
51834
51700
51515
51728
78937
79627
74322
52250
75848
52509
51893
80770
76225
63978
63538
76536
79959
52886
82285
53869
78309
52338
69828
76827
52505
51834
53309
52977
54426
52645
52103
51547
81064
76838
53180
74458
53340
71943
72144
77029
73244
52348
80506
67371
53464
75132
55815
80663
78600
76805
53283
73324
79436
78174
52764
52373
75129
52343
51890
52625
72326
52227
52233
52336
78862
52041
78654
78133
80324
52647
70072
77104
53562
53207
53142
51220
82270
51522
52579
52296
52089
67938
52737
52334
77854
80221
78109
51601
51114
52271
51624
51504
79998
74666
77954
52321
68230
77653
75687
52340
76722
78797
79095
52649
77969
52619
53408
51966
52820
52403
78319
72541
52872
53180
82394
76345
52266
52677
52684
52332
75393
68276
80968
75779
75535
66060
52448
78449
81082
52602
51606
80269
51988
77611
52801
80943
53261
52934
52271
61810
52448
52321
51617
79683
52698
79617
76809
51148
51758
52216
52300
73157
53105
70751
83804
76812
52165
72996
52342
51965
77125
52016
51811
51900
52138
51627
56294
64231
51596
77342
51667
76839
51497
51535
78242
67819
51225
78936
52388
52813
51963
51990
77738
52135
52203
78414
78767
75532
76499
74984
52759
79689
75220
52631
77417
52184
51611
66609
52639
52008
53779
66247
52572
73784
73337
73413
77228
51931
51611
82288
51742
51174
51460
52888
51868
52478
52038
76527
52486
52517
80446
52456
64392
52884
52725
53727
53074
52754
53210
77992
71221
80353
51957
51850
52119
51853
53612
51836
51453
51164
51095
77490
51797
52246
52390
51539
52099
52446
76029
51992
51985
58695
83406
51405
78386
52239
52303
64660
52757
52318
79064
52384
51979
71297
73357
68080
51488
56657
52027
51489
75623
80018
52031
52074
51674
52179
52051
53359
79263
75159
81632
52972
53111
63594
76358
51079
51050
51251
51410
51356
51588
51768
51611
78091
51531
51944
52520
51797
51458
78169
77749
79847
78921
76567
79024
74116
51796
77600
80539
52037
51611
51987
51503
77067
51750
51532
52225
77581
52104
52202
76420
52550
52252
52177
51789
51514
52348
52100
51771
51921
53022
52216
52349
52117
52094
51792
51529
78629
71103
78223
51917
52003
51778
73145
78237
52399
78686
52039
51743
51647
52006
51960
51299
51536
51563
51814
51578
76963
52887
53991
52386
52452
52404
57864
52487
52684
77542
77866
79037
52630
52362
52294
52606
79767
75929
67185
81010
53448
52551
53185
52251
70990
77973
52161
77518
78444
77376
76500
78244
51815
81655
77724
74835
68732
74859
52440
51705
52424
79466
68762
82447
51765
51525
75750
51691
51890
77292
51862
74688
57394
51874
52161
51573
51964
76854
54902
73356
80223
80716
52002
78052
52227
74564
58442
71611
58380
52256
52269
52683
52871
51764
79472
78831
53267
78287
51926
52391
78020
52851
78375
77605
79749
78262
79719
73236
78235
52532
52005
52492
52023
78352
52143
74509
71026
78945
79140
64476
72565
77486
51902
63097
76682
81124
67217
51831
79427
52587
71898
68372
78796
52720
52183
52919
52743
79772
57229
69338
51700
69174
51716
81972
77021
78167
60755
66279
75734
51501
76298
51553
78638
76815
52361
52035
78186
77427
75196
51876
54933
67614
52535
80149
51705
52409
79401
76737
76453
81027
51828
79791
80039
52265
52506
80344
52263
52519
52402
52637
52427
52291
52705
52588
52341
52080
53324
78227
52128
55565
52962
77485
52291
55265
52056
51933
52731
77133
64032
74057
52319
51835
52023
77503
52700
52244
52130
51876
52850
52344
51968
51291
53615
78658
51913
78935
78694
60441
54509
75940
80534
51430
79252
76203
77690
61358
78349
72408
52877
51877
51602
57281
76602
80558
51811
68479
72790
69837
76863
77617
52411
72518
76431
79986
51690
52124
52582
73901
52941
52197
51919
67606
52576
52387
65448
76187
66738
51506
77714
78252
77686
65701
52428
79214
81249
77234
52284
72239
78018
65725
52426
51795
66453
52703
79201
73188
51441
78026
51219
51224
51151
51127
51299
51358
78762
51452
50981
51142
76853
59957
52181
63087
79925
76344
52686
82471
51544
51416
51470
52021
52546
52048
52013
52383
79456
79227
51979
52313
51470
51937
52445
52532
52562
53383
53921
80688
67662
79426
78468
64343
51529
80399
80317
61174
77434
52158
52351
77441
73012
51821
81062
78025
79313
75624
51784
51736
76347
80112
50946
73211
75484
79005
52764
52467
52622
75040
51762
51672
51300
78843
51622
51947
51930
57269
77835
52133
52357
77618
70882
52120
76647
53305
69601
52881
52771
66789
52775
52536
52582
73555
76683
51826
51511
51740
51592
52050
52577
51967
80407
74698
51777
51299
78976
51126
51353
51605
51598
51031
51737
74977
74859
52121
51921
75225
81130
77816
52706
58895
52417
57937
52213
52035
51717
51298
51856
53290
80810
78960
76646
72081
70381
51519
52436
52075
52188
63794
54923
51705
75801
80819
58542
75768
70108
51489
79040
75247
52335
52178
79217
51866
76615
78481
