47379
32004
32124
32187
31914
56348
59722
32278
31706
61095
57749
31965
31920
32199
32168
32287
32280
32017
31890
55313
36651
61466
57301
51271
61089
53687
32325
31980
58907
57625
32222
31895
48658
31772
32003
32284
32184
32242
31869
58976
31629
32251
57000
31567
50206
54391
32572
32264
32078
55100
32157
52782
60979
32134
32036
32456
31745
32293
57729
55194
32631
32208
32356
32528
32399
32396
32507
32215
31823
32152
56682
31803
45421
58471
32440
32600
32573
31896
61946
31886
31869
32052
61651
61344
46618
32437
31920
32269
32175
60059
41442
47414
56056
33323
32345
31716
57560
31669
31657
31793
53851
31939
32553
32190
59309
58333
55900
32381
32340
31929
33871
61289
58717
41517
33182
32853
58288
46160
32693
33090
59215
55239
31735
32097
32792
61829
31600
31631
31536
36036
56465
32625
32619
31660
31516
31524
31515
31514
31532
31518
31520
31529
31518
31846
32264
32620
32642
32049
33210
58900
32329
52428
58864
59734
59925
32149
55580
58082
33054
51656
32143
31846
31970
57278
32176
32090
36336
57898
32939
32470
44247
32463
32475
58696
31730
32047
54882
60292
58283
31933
32112
32050
32167
32009
34632
32108
32057
31743
32248
62096
53418
31738
31801
32136
32070
32022
32274
31799
32399
31852
32180
32574
42986
59715
34074
51915
32420
34155
40898
32240
34313
32084
53832
32151
60210
39561
60622
57547
31818
32451
32016
46708
32889
60089
31772
50206
57754
61847
59837
32267
31803
32096
32176
31877
31854
53119
59332
31889
48965
31610
57005
60796
32258
60471
59851
59272
59732
59595
60303
56650
49186
32774
33824
61014
44881
32472
55588
58506
36074
61269
34112
32356
50085
57271
56727
51598
54620
32657
57852
57615
60422
48781
39860
32393
61270
33159
32450
59675
57497
55130
32045
32554
32109
32416
32378
49013
59024
32529
58172
31906
32094
32334
31962
49934
32189
53718
45468
31769
42366
60142
32182
31979
32085
60604
60777
32038
31670
32122
60686
32015
48965
55390
36370
54976
46252
31844
46124
31851
31630
59375
60555
60989
31755
32158
32048
31988
31577
51346
32262
32252
32135
32143
32558
32311
32299
58582
32093
33828
49592
32203
53726
56703
32377
31999
31859
52995
60398
31907
31837
59776
60874
31795
32265
31963
31961
32353
62009
32074
32327
32364
31892
31740
31709
31561
57563
48345
59999
54820
32137
31964
32442
32002
58790
60297
32270
31984
51311
43354
46447
55809
35620
33660
32004
31901
32652
31834
59660
32108
32076
32194
59042
47110
49262
31958
58618
58703
32127
61532
57368
32466
55358
44493
33034
32260
55541
52901
33735
32741
32931
32512
31900
53610
57725
32447
32089
32551
32187
32343
31977
31864
31855
32880
37899
32024
38996
46465
53391
31646
32570
32189
59904
31728
31689
60290
32196
32129
31862
50292
32181
31916
31838
32155
32699
32972
32031
59403
31544
31857
58154
32339
32003
32326
31859
61323
33052
32930
32796
55074
59993
44737
58918
48369
32460
32127
33215
32340
54063
32220
32315
33849
31913
62255
32211
32124
31880
32795
59283
34989
32384
31855
60203
61015
58656
31789
59478
32001
59938
32150
39702
31956
32261
57366
57229
31945
32226
45519
59459
53147
48258
47918
45675
57071
31654
59158
32314
32427
59417
61255
46671
32197
32166
58399
54624
35787
61247
34206
32745
32944
53917
62630
31575
58928
31769
31713
59356
31737
32095
58667
31869
59113
47652
32192
33474
32609
56055
59307
32346
32305
32290
32313
32264
54567
32858
32972
32364
60942
31784
57238
32868
32404
55836
59083
56365
56465
31962
32214
31916
32041
32083
52457
32320
59392
32189
32228
32034
32149
59059
31983
56264
32138
32232
32660
46962
32311
56351
32441
32770
57371
58730
31939
32193
32477
32387
55823
58908
31767
31698
31967
31809
32906
62113
32011
37011
59211
31602
32023
32234
32334
32067
32083
32719
55902
32640
32663
32718
60165
58561
55566
52188
58334
32437
32456
32210
32341
62437
32528
59965
47374
60219
31847
32053
32616
60018
32241
33168
58386
60396
53888
32411
59752
32043
31875
42932
32689
32906
32446
32829
58439
32530
32183
32826
44477
57868
52344
59530
31795
58052
31800
32426
32136
59547
31585
32152
31720
31782
31582
60486
32134
57146
57261
32484
58418
32316
32187
58933
31881
59782
47815
38497
60780
58769
56183
57645
32253
58941
54527
59154
32598
32768
32426
32457
32161
56451
62144
32429
58443
31932
31899
31794
31895
32482
32470
33130
32452
32715
61671
32071
32143
32508
31624
31705
60120
32064
32201
32263
31959
57927
40688
52056
32152
32158
32630
31690
31667
31671
31686
32157
36888
32319
32850
49346
31972
32347
32169
32079
32015
32160
54228
32008
53126
32514
32025
60680
32190
32416
32265
61723
32339
31899
56701
32090
32561
58690
60899
32488
32503
32526
32135
31694
55927
32011
31865
31790
55446
32396
32521
32346
31725
46180
58398
32967
60666
56998
32229
31651
31779
35380
56872
58365
32007
57587
32142
32209
57614
31992
31961
45699
59171
49775
32081
61048
58925
32282
32225
59416
59985
32523
31749
32162
55997
57271
47791
31848
31641
32466
52145
43363
60845
32227
31948
58583
58200
32342
59594
62075
31589
42360
52924
31708
55554
51114
32621
32156
32264
32799
32093
32845
32590
31699
32095
31837
32893
32285
62276
31980
58511
57555
31906
31734
59180
31962
57037
31697
58207
44721
32624
64453
32769
32623
32596
32511
32806
32678
32780
57952
32787
59956
32068
54932
44376
33221
32264
32504
32848
56564
32943
55231
32198
55983
32322
32621
32434
32907
32189
33031
60011
32601
32088
56406
56940
60457
56955
32491
53070
33016
33707
58956
32441
58203
44194
31657
33012
32430
32633
60770
49764
32071
32325
32236
31985
60136
57245
59512
39005
32648
47993
32556
32591
31861
32822
49644
39101
59584
59542
44100
32233
32124
46198
53696
55831
36971
59779
58963
47509
32390
32027
32136
50674
32224
31800
59289
32006
31959
32205
32469
32066
32519
32390
32560
32059
32366
32481
46921
32083
31581
31921
32611
60168
31869
31942
58911
31545
31886
32373
32086
31813
31745
58486
57432
58348
59054
46508
32282
60718
58917
32072
58737
31641
32003
32236
60373
62527
55924
57909
59463
58736
57084
32523
60617
60107
32147
32450
31989
31961
32173
62160
52600
31899
31552
58329
31910
31731
31989
33445
44130
31846
32409
58156
31928
31851
32794
59574
35803
32151
32203
32109
59234
32271
59667
32313
