18769
15085
20730
18579
15027
9474
9332
9468
9345
13786
14880
19069
15154
13959
9410
21041
19327
6817
6705
6812
6851
6912
16818
19159
18532
16889
16893
17187
9437
16705
16800
6999
17671
6756
6689
6882
7139
6888
16983
10490
6738
20547
6605
6675
6813
19731
9383
18301
6744
10196
6608
6743
6839
9375
20507
9554
18383
20941
9450
20707
6890
9490
21585
6726
6764
6654
6652
6754
10148
6624
10096
6649
6725
10074
6626
6696
6752
6886
6789
6608
9913
16896
16783
6767
16583
6620
6656
17396
6815
6759
6810
6843
6850
6906
6805
6612
6777
10421
10190
6908
17272
16928
6631
16670
17175
6619
16553
6871
6741
6930
6702
6861
16866
16931
16553
16677
16796
16805
17615
9333
16929
17173
16979
16774
20844
6905
16774
6872
16836
9371
16698
6671
9393
6691
16861
6636
6615
16927
16755
16755
16924
16827
16662
9506
6794
17121
16998
7109
16626
17050
16690
6861
6936
16985
16867
6911
19062
17134
17200
20355
17189
16883
6994
6937
16937
16924
20733
19663
16814
16795
17389
17223
17114
17892
17290
16945
17359
17555
17157
17470
16555
6742
16957
17283
17160
18308
16756
17414
17335
16869
17399
16778
16851
17100
17789
16898
17225
17202
16921
16916
16955
17056
19401
17155
16914
17009
16751
17199
17390
16853
16765
17080
16793
16794
16868
17025
17232
17020
9259
16681
17383
17154
9383
16995
9942
17762
17096
16743
16972
16095
16904
17633
17119
17194
17582
17298
17053
17244
16732
17423
17201
17177
9459
9540
17111
17098
16937
17027
16690
16873
17063
10128
17104
17039
16807
17275
17467
17050
16852
9542
16936
17051
16957
16776
16855
17281
9262
17192
17546
6603
17000
17137
20666
6654
20305
9361
9295
18690
16773
16871
16837
16876
20760
6600
16466
20424
20418
6663
6635
15446
13353
14934
16660
17029
19224
19305
19129
20187
20040
19063
9340
9270
9442
9208
19546
6631
6610
6633
6607
6703
6670
16603
6603
6665
16682
16852
16641
20396
18729
16671
15502
17040
6600
6602
6611
6857
6748
7066
6613
6612
6598
6645
6818
13911
6661
6648
6652
16516
12127
10250
10587
6616
17182
16510
16668
18879
18843
19075
19533
20314
19379
18953
19070
12475
9888
16947
9908
10266
20317
9481
9645
6854
6731
16644
16659
6692
10952
17973
19043
18952
10414
6776
16912
19957
18990
19877
18784
19177
19142
19159
14725
20647
19038
19189
15742
6616
6600
6820
13263
6629
6915
16721
6628
6721
18189
6855
6867
6762
6804
16785
8314
6694
6800
6795
7083
6845
6611
7010
16678
9183
17111
6657
7992
6686
6721
6805
6615
6826
6829
6866
6655
15973
17178
16885
17026
17465
16912
15052
6790
6854
6694
16729
10840
16934
16872
6683
6857
10645
6838
16983
7292
9862
6718
9937
9381
7094
7081
7054
9781
6617
6611
17372
9320
9927
20391
19988
18998
20852
17586
20459
17993
17033
20444
19991
16950
15929
20636
9326
20366
20649
16640
17457
17520
16845
17895
6627
17964
6696
6847
6803
6601
6809
6597
11657
19815
18789
19151
6710
18979
16653
6638
7029
17139
16858
17038
17129
18250
19333
18946
19417
19174
18989
18909
18189
16878
16671
16705
16842
16786
16845
16769
16790
16805
16914
16822
16881
16921
16904
16803
17325
17019
6635
16728
16733
16838
16863
17170
17018
16949
17005
17077
6653
16779
17100
16867
16958
16825
16921
17322
16874
16758
17565
16794
16639
16677
16657
17223
16830
16623
16687
6617
17062
17313
17109
16927
17023
16927
16917
6935
17042
6824
16577
16516
16742
16605
21151
16852
9418
6897
16736
20394
16594
6672
19820
6683
14855
7132
18757
17496
6930
19140
6648
19356
6607
6923
13639
6752
6933
16688
6758
9200
6863
16694
19514
16702
16543
19747
16698
16920
16696
18898
6697
10196
16678
18835
19346
6619
16895
18788
10213
16865
17286
6604
16553
17081
17092
10406
6740
6790
16599
16824
6713
17104
9476
12872
6860
19128
19097
19199
10015
9802
9414
7941
6713
17079
17201
20280
9265
20600
8362
16582
6805
16840
16807
6657
16665
6631
16767
16827
16640
16785
17017
16961
16812
6704
16909
16727
17236
17038
16937
20406
16612
19925
6630
16768
6631
6736
17157
18611
6687
16837
16873
18289
19676
9413
6646
16862
9207
17270
16687
6759
16624
16732
16821
19055
18872
19436
19094
17048
9421
19998
19319
6918
6636
19018
19217
6594
16994
20540
20535
9449
16809
9325
16904
18939
6616
6831
6719
6753
18832
6866
19237
6795
17056
17223
6885
6965
6931
6897
6785
6819
16672
16813
16750
6895
6601
6615
16888
6869
17236
7011
16819
16665
16998
6745
16786
6621
17593
6697
6616
7110
6602
6695
7940
19429
18519
17324
20139
9562
17085
16856
17426
17330
16937
17152
17346
17116
16971
16970
16945
16848
16964
17269
17282
17205
17495
20804
9421
20646
20355
20323
20644
9264
9496
20519
20669
20591
20835
20376
19133
20843
20702
20582
19494
18647
17342
16929
17102
16871
17112
17251
17547
16802
17045
16808
17032
17060
16911
17263
17047
16819
17647
17480
17465
17332
17099
17211
17328
17087
17736
17027
16976
17054
20603
17032
17081
16949
16971
16960
16961
16946
17017
17211
16952
17319
16821
16857
17402
16986
16969
16923
17035
17091
17107
17112
16882
17282
17052
16971
17034
16895
17860
17257
16780
16787
16955
17096
16856
16969
17144
17145
17043
17095
17072
17108
17190
17302
18306
9623
9426
17139
16913
9645
16837
9908
17217
16676
16666
16648
17011
17080
16744
16884
16705
17004
17012
16957
16884
16936
16957
16971
16931
16634
16732
16735
16739
16773
16741
16926
16836
17061
16871
16856
16912
16873
16847
16985
16727
16816
16657
16890
17267
17032
16780
17515
16895
16824
16915
16799
16740
16966
16907
17070
16968
16769
16891
16858
16702
16998
17094
16867
17719
9124
17070
16875
16930
16836
16889
17219
16630
16741
16872
16808
17007
16751
16768
16868
17036
17400
16784
16807
17085
16674
16885
16782
16940
16927
16810
16819
16914
17050
16866
17003
16686
16754
16930
17095
11196
21044
9396
6608
8061
16594
16942
17022
6694
6926
16739
19098
16572
16522
16721
16909
18136
16867
7202
16857
6677
16929
19163
6752
19410
6789
16872
6731
19074
6655
16927
6623
19497
6803
6671
19100
7008
6887
7425
16739
6763
17001
6798
