17584
42581
26038
25445
26290
25356
42175
17000
25624
25692
17392
25318
25275
25723
17265
25361
46756
25608
25559
25384
24820
24065
23474
45783
16832
17191
17181
17161
17059
16786
17216
17125
16780
17019
16776
16851
16792
16811
17029
17035
16953
42754
42894
32394
26238
43682
35155
23857
47059
45778
40976
17149
42143
42654
23401
17109
39332
42028
17508
17411
17370
18004
17334
16987
17288
17141
17296
17076
17456
45743
17252
42375
17170
17517
47724
25761
41751
48655
26341
17123
36917
44993
17248
37363
17083
46382
43562
40196
16870
39836
41972
16801
24886
42542
17161
17115
17379
16892
37421
17182
17163
40635
42423
38960
44849
40851
41993
17003
40071
25306
16909
42464
17428
41748
27771
24930
24096
42346
25246
16850
24116
25424
17467
23832
16990
42647
46484
44350
38588
17359
43093
17277
17417
35159
16813
44091
43036
39662
17228
39849
48532
17297
33088
16918
16931
16888
41053
17322
27939
17093
16958
40555
17117
17539
17026
42740
17192
17241
17133
25473
17221
17326
47395
17178
26267
45594
40157
17037
42083
17221
23567
17393
23445
23708
17388
46044
17171
16799
17206
17032
16866
43140
25312
23769
23900
24032
23788
23738
23846
23718
37573
44126
42621
40979
40351
46497
37848
17061
16945
42403
39457
39697
46050
42097
17238
28044
38709
17049
43073
16909
42383
17142
17486
17346
25209
17804
17255
16921
16931
17385
42742
42415
42249
17589
16973
16987
16911
25160
16966
17275
43038
17533
18273
17244
36718
24158
17689
17664
16857
17074
17454
17305
17490
17276
17147
17139
41379
17414
17309
43068
17142
17178
16922
17122
16869
17402
36080
16890
16961
17197
16926
17079
43035
17054
17698
17157
17299
17102
17045
17365
17307
16959
17139
16959
17370
17564
17221
38521
17225
17123
17219
17075
17067
16852
17282
17187
42670
16871
16901
17107
16915
17279
42830
43104
33781
42210
17123
43670
25693
42081
25418
16922
17339
17354
45074
43473
16913
16955
16953
16961
16931
16777
26645
24204
23808
24126
23992
39249
50875
17263
26273
17705
25585
42235
42469
17113
17468
40443
17134
17030
17203
17919
16952
17176
17376
17716
17318
17006
17020
16910
38874
42157
41223
17310
17678
17263
17180
17584
17516
17296
17613
34828
42484
25541
25528
17382
43033
17814
18018
17545
17287
17104
16970
17170
17358
26664
17133
17056
16962
17203
17099
17043
16809
17348
17195
17533
17568
16919
17183
17212
42522
17321
42268
17570
17323
17281
25576
25629
43241
17011
17602
29759
40124
17182
17101
41119
47000
17041
34577
17079
16780
17028
17606
17368
42617
16903
43990
40639
17802
17673
17335
17111
17228
17598
45860
21616
17463
17283
18867
17319
43199
25768
25671
25827
25591
25189
17403
31517
42048
17059
17004
17240
43518
17369
17408
17611
42695
42376
17309
17667
17328
17268
17543
17657
17424
17743
17131
17018
17490
17348
17360
17487
17922
17455
38105
17814
17855
17677
17476
17231
17084
17202
16791
17933
40443
17226
17145
16791
16894
17637
17539
17126
32128
17168
17231
17676
43821
17616
35525
17875
17062
42359
17589
17685
17461
17494
49092
40096
17256
17266
17538
17313
17211
17519
39192
17610
42689
17724
39154
46386
17598
16751
16995
25496
17427
17087
16875
17199
41147
17396
45962
17485
17541
17460
17858
17564
17940
17526
17298
42813
17513
17314
17892
45592
17472
30480
43787
17418
17649
45363
17090
34056
17323
16741
41600
46656
18088
17587
17442
17306
17293
21876
17284
21418
17406
17432
17468
17456
17653
45973
17558
41788
17475
17103
17667
24887
41162
30420
39321
17220
17184
43825
31271
17406
17328
36765
42047
46844
17125
16967
17146
17134
17009
16775
16894
41766
16891
17001
16878
17350
25769
17096
17424
42505
16859
25426
25718
17203
25778
44959
17178
35388
41131
17333
17071
16946
17306
17209
45977
17455
17039
17044
42135
17282
22220
45948
17224
42410
41334
17051
16778
45161
16772
17317
43096
42947
45373
24133
17373
17479
17426
17443
42646
17417
17342
17400
17232
17145
17203
17237
17298
17180
17141
17123
17497
24942
35299
17423
17361
42923
17380
18026
18014
20731
25983
26540
16958
17212
41968
32651
46279
42231
42148
39738
17086
17517
16945
16824
17141
17162
46385
42587
38077
41515
17738
38538
17165
17063
43999
24749
43357
44678
25721
16978
25645
25491
25341
41498
25392
16857
16942
16972
25480
24028
42028
17476
25243
26415
16908
35695
25519
42116
17486
25504
17085
17038
17285
17423
16941
16857
44086
17265
17107
43311
16871
39399
17669
45511
24505
42685
24064
42578
23607
25530
24520
23955
42274
17216
16988
17024
17267
46165
16938
17007
16946
16840
17018
17144
17121
17137
41849
17316
40329
17815
42632
16928
16824
17196
42966
17046
42327
25190
17326
17115
41887
28981
17386
43073
25742
42286
25620
25378
40670
17645
42650
43049
17089
17587
17070
17171
17191
17487
17241
17399
17289
17039
17315
17482
17573
17527
17502
17384
17217
17284
17520
17441
17252
17556
17500
17184
43468
17252
17404
17198
17049
17208
17191
17079
16989
47330
17499
17426
17746
42309
36400
42521
25835
25703
17406
40246
45320
42750
16743
16973
16783
30599
16902
16836
41928
16846
25181
25123
23897
29527
26576
32419
16756
40670
17127
28984
16822
38809
45458
46155
26079
17159
17016
42992
17320
42366
27625
23689
47161
42739
17524
42741
40724
17326
42455
17165
17143
25812
16974
17704
16810
18239
17970
16996
38598
17442
17114
17343
42158
43447
16944
16918
41049
17362
17157
17397
17024
17082
39915
17090
17373
17390
17185
45220
40398
17554
17484
17256
34160
25582
25678
25394
25684
42653
17546
17438
17126
17113
26967
42077
25611
25578
25122
23899
16929
44785
17572
17279
17361
17031
16782
41840
21266
16947
42803
17294
42820
17210
23434
23671
25871
42156
46143
40233
16782
17159
46095
16853
42483
26273
25267
39336
42697
31957
16905
25268
25489
16811
16949
41125
16819
16847
16851
42414
16882
17024
42047
17140
16883
17006
17998
22569
28487
18976
18026
17402
18399
17430
17920
16846
16877
17389
16758
17207
25510
45436
32850
45465
41653
16872
16900
16774
16802
16941
16818
16858
47762
26237
17024
17413
17037
26298
25615
17239
25838
17129
17052
17056
16999
17632
42630
25805
42782
31728
18012
17859
26264
16890
42382
17266
25652
17391
17499
17454
34352
44697
17203
43257
29544
17303
26226
17344
41987
17367
26558
23683
