105266
105416
133682
130537
106272
105507
106023
106363
105809
106932
106973
107131
133029
131965
106673
108913
129484
106095
105338
130504
129136
138263
110900
122877
106152
133104
106543
105787
134118
121232
133693
132074
126497
139041
106636
133111
106928
132635
140215
108157
106040
134291
103860
103917
109369
134101
133606
105623
134152
118013
126663
129710
107685
105432
129721
132456
130998
129871
126814
129858
104572
105753
105861
105551
104700
104830
105319
120200
130902
128663
134559
105845
106025
131370
106320
106161
106382
120920
131820
105537
115270
132422
119073
134134
128689
105353
105667
123123
125586
107667
108393
105410
104548
136021
128345
133320
105667
138475
131756
134090
136791
131870
126550
133452
106207
107533
132253
117892
133728
131940
131966
131944
131574
129612
132446
109659
130168
106281
106654
105353
136254
135566
134502
128593
127599
133456
133766
131672
132925
128923
121128
104561
106061
105413
105914
105091
107862
118015
106316
130440
127356
121604
134258
136549
106644
106267
105380
129407
105302
105269
105324
105080
105499
130297
111084
106094
106048
106213
106338
105595
105692
105558
105429
107729
134845
124414
134176
127280
132364
134115
104574
133173
131943
127497
130766
134056
133668
129396
108005
108112
131631
128823
105742
129608
105192
106836
105172
105881
121425
130650
127637
135841
126987
131920
105657
107234
130563
134809
140735
134888
108355
105923
106092
130111
106200
105421
105335
104594
106066
106276
106577
129893
105155
104831
125704
105392
106040
133915
119167
106699
106239
133683
109337
132622
133965
105215
134879
131043
120420
131750
105578
128471
134251
131111
106512
106079
105481
106151
104943
104817
104445
131533
106439
106738
140277
105577
105188
111012
107583
124980
133346
106593
129701
129297
132288
106418
131358
128192
127678
121362
130786
129671
128574
132528
133112
106350
132558
104876
136223
133959
105465
134696
130706
134033
133075
129310
106622
130246
105489
129244
127496
129683
132139
107760
105878
134335
106850
129686
133403
131393
131099
124341
139064
137011
105293
128886
105352
131484
131086
133180
105842
132415
105689
125859
130996
112387
124780
107373
106958
104929
131764
106067
106592
134808
129965
130944
130349
131746
125006
130098
131458
105984
104819
131421
131370
107140
132232
131636
106267
130257
134075
130954
132535
106008
127519
106415
131679
106700
131543
105052
131683
127418
133920
127561
137447
107634
106879
132606
128608
105192
131194
106500
132192
131089
106437
130972
106098
135134
128166
132101
128544
131392
106235
105721
130603
132589
124066
134052
118365
119735
132960
130177
132486
132446
112672
135154
123058
110973
133124
106152
130987
105828
135697
105326
134466
134585
136939
127600
125942
134300
105073
105475
105005
105277
125185
105360
105385
104927
128246
136531
132331
105563
106095
104535
105400
104990
104933
133194
104275
105521
105414
105647
131868
105221
132835
105387
105965
119046
104318
124032
106190
105895
130565
105055
120667
108966
108823
133166
132225
106700
126495
125796
132226
141517
129255
134700
107445
106700
106739
130818
106027
123950
125191
105939
134493
125860
106689
106212
131780
132089
107832
106345
130914
109530
136768
109101
131503
132784
133723
107882
106308
106489
104459
130495
128753
119172
105754
131870
136169
130475
130002
104617
106195
104986
104729
104725
105848
105346
106130
105276
104756
105930
105581
106178
128032
126786
106086
133261
105941
130739
104144
105193
119468
123009
105505
105729
106849
135209
129050
131026
104096
112073
125981
133130
107613
107205
128992
124625
124259
125769
103627
104576
105179
105232
105647
105676
105448
133154
116867
105990
136996
121465
107736
104700
104995
104643
134494
105627
129813
106785
106811
105557
105109
131294
128119
105445
106588
120545
132906
131162
105568
106069
130124
131156
127269
104619
137412
107187
108333
106805
133239
131999
132269
132281
105696
107821
108090
134511
132163
105922
107130
105112
126535
105100
117098
116049
130819
132208
131162
107037
134032
133218
132135
131146
131041
104648
105398
108902
134869
128765
128574
104941
132799
127472
105585
105349
132906
106733
106708
147490
116280
121198
133760
104598
120832
135707
105877
104401
104320
135000
129735
106122
107030
106483
107606
106556
105105
106677
106910
105233
106203
105476
105601
107528
134185
110882
132122
132056
130650
115483
117117
115693
128057
133781
129690
136045
129562
105920
133373
107105
130620
137153
108425
107973
106003
106990
133030
105559
108641
107708
106785
118735
121214
105486
106882
105235
105779
133561
107991
131884
129626
105216
133463
105621
122409
106340
106544
107067
132794
105132
121139
105160
134307
106850
105655
123077
107726
107909
106459
132336
105975
134704
121416
125860
106280
140800
131875
126861
132878
138122
105625
131327
135616
117241
131507
106572
106303
105802
108276
132294
106007
109904
129813
105746
132446
125243
130832
132738
105940
136828
133307
132757
106020
110362
107261
106584
106072
105950
105911
106131
135018
122747
132898
137063
105643
105751
128570
131391
128343
125729
130088
123007
133834
131779
105294
119540
135757
105749
105860
107490
106355
104809
124772
104980
105266
132788
105737
105138
105622
126221
133666
104664
132913
105108
127809
132364
128650
107731
107850
107110
131608
129870
134079
105962
106018
105614
131982
133124
106340
105776
106313
105653
106601
106180
106109
106207
105788
105284
129797
103643
136438
105541
105350
104701
105089
104302
105138
104620
105376
105632
136016
105043
105730
104200
129432
106389
106302
106464
135576
132370
106258
105498
106627
107189
113334
104574
124613
136433
104550
104708
132011
131094
106780
131696
125570
106730
120338
106313
126113
104464
105677
135906
108008
105797
131729
106959
132192
106193
106164
107488
106156
128153
140789
130201
119304
125065
106403
131395
106624
105006
105277
119244
133537
133102
125499
132032
105213
106413
106413
128216
132905
129339
105525
108329
109909
107943
122803
105260
105942
105160
105545
132571
106004
104889
107099
117440
133211
127485
105181
104604
128265
105032
105523
133272
104941
104877
104430
105348
104749
108419
132178
130743
106069
107274
130524
105213
105226
127665
133867
106070
133154
126557
103942
118394
131577
125983
132619
106933
108028
134899
107018
106081
134569
131955
106751
106681
128492
106432
107136
130565
131275
128793
126375
132633
131736
130107
105647
105829
105783
129848
128049
106265
120204
131429
131626
129938
106776
105748
106618
104558
138750
133046
130210
131641
105867
106545
135106
107069
107039
125658
135292
105965
105441
132358
125549
118081
129518
111176
134319
109894
106459
124708
133484
132251
136067
126031
131379
132644
106117
132262
105318
136002
134516
131598
133689
119709
123037
134486
134209
132580
131958
107532
134113
132657
132279
130606
133552
130939
134014
128458
134557
131251
107526
106350
107333
127595
104791
106878
105994
104896
104769
106119
130251
104485
129339
129556
107122
118620
132560
125866
107028
105235
117470
106990
106307
128938
131030
134727
129146
132652
