265
272
265
265
265
588
668
668
668
668
681
668
680
667
667
668
667
668
668
668
667
668
667
682
667
668
668
668
668
690
668
668
681
667
680
668
668
666
668
680
668
698
668
668
667
688
667
682
679
668
691
668
690
667
681
667
681
666
669
737
667
668
669
668
667
682
668
681
668
668
668
668
668
668
667
667
668
668
683
667
682
678
668
667
668
753
667
670
668
697
668
668
668
667
668
669
749
668
682
668
680
669
667
667
669
681
682
710
667
686
667
668
668
667
669
668
667
668
697
667
690
692
668
710
689
680
672
563
266
710
690
691
265
265
412
696
265
691
687
690
687
700
266
265
668
691
685
265
686
265
265
265
668
712
265
685
279
687
265
290
265
687
266
686
266
668
267
696
667
668
686
274
686
265
682
688
265
265
700
267
693
690
700
686
698
686
744
686
690
707
688
688
689
686
686
686
686
686
683
745
664
742
668
731
664
413
266
398
324
285
265
265
274
286
266
265
691
274
268
266
274
668
716
707
275
265
266
278
266
266
265
265
275
275
265
266
265
265
265
265
265
265
275
265
275
274
275
274
274
274
274
275
265
274
265
378
813
265
266
313
274
274
275
274
274
275
274
274
814
274
274
817
290
280
275
274
814
274
266
814
265
265
274
265
813
265
265
275
274
813
369
277
265
274
265
274
277
266
275
284
274
274
265
266
275
280
266
274
265
275
266
275
275
275
275
399
274
274
287
274
275
274
274
398
274
398
265
398
275
266
370
276
275
277
265
266
266
275
266
265
275
274
265
265
266
265
414
265
265
266
265
398
265
274
274
265
274
265
274
265
275
266
275
274
275
266
266
274
266
274
266
274
272
266
275
266
274
266
275
266
275
271
274
265
274
265
266
274
265
265
272
265
265
265
265
265
265
265
398
398
265
398
398
398
265
398
296
398
266
398
449
265
398
398
398
265
398
477
266
398
398
398
265
398
398
398
265
398
450
266
398
398
398
265
397
398
398
265
398
435
265
398
399
398
265
398
398
398
265
398
398
398
265
399
266
397
398
398
397
266
398
273
399
398
398
398
265
398
406
268
397
776
398
265
265
266
398
265
265
273
398
265
794
266
398
265
279
399
398
398
398
265
398
398
266
399
399
410
265
398
398
398
268
398
398
265
266
265
265
266
266
265
265
265
266
751
286
266
268
265
265
265
266
266
265
279
265
265
412
266
266
265
265
411
751
752
793
265
265
265
265
266
267
265
277
750
265
265
265
265
813
265
268
275
265
265
266
265
322
268
265
266
751
268
266
265
265
266
272
777
265
265
265
265
266
777
752
751
778
266
273
265
268
265
663
265
752
265
664
751
304
668
265
664
265
739
750
751
751
777
791
792
752
780
265
789
777
266
265
265
265
692
265
266
663
266
265
662
663
273
663
751
664
307
663
265
272
663
266
686
265
265
271
663
266
265
681
275
663
265
680
265
664
664
772
370
830
670
265
664
266
678
266
265
265
265
813
842
370
663
265
677
664
398
664
398
664
398
663
398
675
398
663
664
265
664
265
265
265
266
265
664
266
265
266
667
676
265
266
272
265
265
265
266
265
265
265
265
265
266
265
266
265
266
266
311
265
265
275
281
274
275
274
275
274
274
275
274
274
274
281
274
274
274
752
274
332
275
274
683
274
275
282
275
274
274
275
275
274
282
274
275
274
276
274
275
286
274
274
275
276
274
275
343
274
274
275
275
275
274
282
274
275
274
276
275
274
283
275
275
275
275
275
275
281
274
274
274
275
265
265
274
265
266
265
275
266
266
266
266
265
265
265
269
266
770
265
266
814
751
751
767
750
752
751
751
764
751
750
751
752
764
813
813
813
813
857
821
814
845
813
828
813
813
751
819
828
813
813
813
813
838
813
831
813
814
813
812
829
813
812
814
813
877
813
751
813
813
830
813
875
820
812
814
812
906
813
814
813
812
842
813
750
840
752
830
814
812
813
814
891
814
812
818
814
812
814
803
825
814
814
814
827
812
814
813
811
766
813
813
842
751
680
751
391
841
370
813
813
812
813
854
812
813
814
813
827
813
813
814
813
848
812
813
841
814
864
812
690
813
819
850
812
814
813
813
892
813
761
813
814
826
812
813
812
813
878
814
813
813
813
833
813
814
841
751
878
813
814
813
813
829
813
813
841
751
891
813
813
818
813
683
811
814
830
813
827
813
813
839
813
856
813
812
690
814
813
814
792
814
818
840
813
916
813
814
813
813
787
668
812
840
811
828
812
814
814
813
860
814
