68868
78898
93192
83219
93142
95977
101202
92400
93508
66872
67800
67815
71341
70569
83453
89094
93766
67375
81474
91864
94375
67907
97512
88735
93736
88663
70305
88420
67794
91560
86090
67873
67616
91601
68521
88882
92244
92459
67793
67099
67037
67644
87611
90796
68217
92253
66955
70972
92245
78298
91839
97573
94046
93114
69062
94239
66938
94069
96996
93557
97508
91701
93840
68558
67760
68151
83604
94639
93419
96336
74459
68645
68191
67809
79573
67786
94755
93703
92581
68123
87205
96098
94485
95222
75193
67728
69298
92548
67523
91923
68099
85705
68175
68908
81134
67336
68634
67767
96650
91982
92059
68974
84315
69006
68400
67489
67076
92627
81386
67755
85868
76456
90626
68316
76192
82440
67527
91123
67884
67123
67329
93032
88482
95829
93734
96005
67427
85599
67900
91793
68037
89189
67603
94032
97080
67471
91023
94206
67813
67688
68717
94255
67395
67903
93086
68613
74749
82775
78869
84182
68083
67642
67669
93008
67496
67333
92089
67644
68107
67745
67899
67205
89019
93700
68690
68365
72300
95880
86920
67316
67477
67864
85427
81502
67778
67517
96382
67128
67077
87776
67696
92090
66746
67634
67199
92964
90144
90747
68352
67336
68508
93502
95866
91280
67489
67435
67152
91623
92976
68438
68813
91974
83726
69331
69357
94912
75331
88702
69981
68766
98146
88778
91784
84068
91058
68315
68148
67915
93808
67821
67788
68289
68139
73744
67358
68042
67865
68405
68002
68361
68183
68781
94585
68713
67737
68235
68650
96535
93363
96118
92300
90465
90777
69141
102784
90724
93578
89854
80645
92450
68888
95823
90854
79396
95636
93194
86245
93278
91291
96073
93609
68131
68561
69019
68330
69277
67616
67462
96496
81826
96725
93708
91094
81671
92934
90515
89918
67260
92942
67881
67409
66960
67506
94563
68075
77133
89141
69015
68212
87579
68284
67869
92164
72452
72722
90747
68104
67706
67470
67821
66858
85201
83450
94838
93915
93122
95369
93554
88666
99270
83549
94495
91730
93893
93980
77294
91662
67316
97521
92526
84713
68647
67162
77466
67558
92970
98124
92379
88747
94726
68807
97431
68691
68715
67863
87282
69107
68820
68581
69616
69261
67516
67288
67891
93954
68252
68801
69246
96935
95932
69421
68102
69356
69591
69284
92154
90409
83194
95336
93851
95302
89611
91520
66885
69116
69756
97328
91795
67438
92967
67007
72512
96937
67802
68039
68825
83353
92465
90844
87173
71334
70386
70945
70342
67458
68789
87273
94574
68426
67180
68657
67232
78435
87865
68453
68205
67396
67455
67240
95999
90871
69216
69570
68608
90778
68632
89854
66496
68320
90039
80139
91047
95119
69016
67862
68178
68219
90742
67903
95220
68167
68112
97742
92836
93591
67755
67377
93100
69457
67769
68083
68235
87196
69125
88212
67314
95501
69316
66929
68142
68646
69043
69704
68811
67789
73058
68495
68845
94421
67804
82595
67401
67168
66922
94468
97695
67657
89144
97271
67191
67835
81271
72896
68693
98419
68207
68454
90980
67688
98487
94687
68312
88063
89257
81028
89229
97650
95334
93240
95821
89238
92586
72414
90959
88125
70799
85719
68270
95005
68135
67157
66968
66505
66738
91648
94417
94389
68724
96786
68569
68004
67947
97656
97719
69218
82566
88950
95187
70766
68515
68871
94567
67995
67849
67746
95371
67139
68261
67162
67292
67166
82085
68951
88652
93599
68659
68490
68746
91969
88045
68137
67763
68111
68472
80367
67764
68869
67694
68048
73643
94525
84731
93477
94642
67348
97075
93974
67385
96009
68362
67753
81554
67709
88103
66986
68694
68263
92965
93204
72600
68671
92405
93401
91307
94434
68815
67981
90436
69781
95686
89662
68857
67153
67373
67831
91742
96228
67835
68246
67135
67054
67456
67646
68219
67638
91324
68323
67694
97929
95896
95336
67179
90259
68838
69156
69397
91363
68077
68697
67704
95428
68421
69911
96496
68659
69593
69465
91111
94337
97384
68954
90703
67348
67655
101358
92888
98629
95227
92578
67348
68710
68282
93177
67572
99984
94544
97730
95582
67069
67747
68095
67518
68297
82206
67665
95338
68077
93771
66876
89633
67784
68408
94641
67572
67304
66924
67897
67913
91797
67850
94901
89600
86153
68532
80598
90022
89965
85935
68653
85757
73951
92694
66569
94980
68429
91300
68569
68732
67934
68250
91558
66643
96974
68288
97711
68292
98004
88208
91247
69720
69122
68873
88277
91318
98317
67808
94441
69107
79747
67662
68195
89261
86164
69254
95742
68260
90198
94081
70850
90013
68460
89990
68186
93596
91597
67131
93549
68433
68075
78887
67643
67996
93751
93276
66666
67264
67740
68427
67427
67364
95173
68000
67889
68042
68171
67978
67828
68017
67107
96162
94624
66884
67064
70949
85315
89662
68668
90849
68038
91651
67855
68015
68311
67906
92338
69072
87414
68913
96726
73325
85771
87527
88341
69348
98198
67966
92800
98268
94488
82607
94748
68639
67134
67367
67770
67649
95200
68599
89419
88296
100144
68236
68003
68327
68532
67895
68405
68461
68570
69130
96594
97157
68429
89165
67679
67789
90476
68184
67759
94563
96301
96519
67910
86232
67842
95691
96789
91843
93037
67591
68548
93659
67339
67446
68216
97104
69355
68087
93622
82254
67482
67907
90797
89649
80316
67895
93769
88805
96065
90754
84989
80174
68962
95717
67189
68437
68497
68170
74676
67966
84405
68879
96479
82305
67340
94701
67604
96193
93215
68903
90025
67154
98360
68388
95792
97735
93167
68331
68550
68828
68869
68056
67878
68077
68127
98065
67620
91278
94675
67231
67107
68090
68370
94542
90710
88801
93422
94431
67568
67668
90711
67642
68118
68853
91775
68003
69969
68213
67446
67469
68751
70515
97246
96363
91624
95945
70302
68593
67821
69177
70302
96529
89827
70209
69769
69107
92510
67286
67753
91514
68129
67756
68095
77536
68853
84844
67389
68907
92033
68015
81860
86623
93639
67387
86159
68783
68300
94362
84510
68307
96188
68000
97634
66680
88852
96754
85209
88552
93735
69052
68697
67307
67878
68039
67368
67929
67805
68342
97251
80225
93065
92955
93403
93984
92368
93245
93608
67644
90824
81936
94033
89843
95246
95309
93451
90841
94198
93883
92569
84127
92927
90425
67886
94338
90714
96493
67077
68540
66990
94484
80996
67178
69464
91427
67101
92789
88254
67599
68632
67793
68571
96854
90196
95452
87003
92696
93666
68460
69098
79422
92437
90676
67408
94865
85834
90850
93383
93169
91972
97055
