49515
20897
20893
20911
20894
20898
20896
20900
20898
20891
20889
20892
20898
20900
20899
20896
20889
20906
20904
20906
20890
20902
20897
20894
20913
20916
20900
20885
51549
47993
20890
20890
20897
49929
20912
20904
20897
20907
20903
20903
20901
20976
20909
20900
20898
20895
20893
20899
20901
20928
20904
20893
20896
20887
20910
20896
20897
20908
20904
20903
20895
20893
20893
20888
20907
20893
49892
20887
20895
20905
20910
20895
49033
20891
50013
20905
20891
20901
20913
25232
48440
20892
50224
20910
20900
51321
21008
20912
20952
20936
20954
20952
31748
50165
20909
20903
47733
50119
20900
20898
20890
20904
20894
20891
20895
20894
20907
20901
20889
20899
20902
20889
20896
20895
20905
20893
20898
20907
20902
20904
20898
20892
20908
20905
20886
20907
20891
20890
49214
51932
20903
20896
20902
20894
20886
20894
21523
49143
20898
20883
20895
20896
20915
20890
20882
20880
20900
20893
20892
20899
20890
49947
47499
20897
52147
20914
20918
46719
20893
20903
20906
20896
20901
20900
49506
20905
20900
20924
20891
20934
50069
20936
20911
20891
20903
20894
39283
50334
50181
20901
20914
20904
20913
20904
20886
50175
20890
50529
49936
20922
21012
50962
20890
20886
20914
20895
20927
20911
20892
20905
20903
49771
27596
29139
29118
29133
29154
29109
29118
29146
29099
48840
52991
31339
51385
20916
20914
20911
20900
20923
20952
20887
20925
20916
20903
20919
20891
20917
20913
20916
20905
20930
20899
20896
20917
20901
20933
20910
20916
20912
20909
20906
20911
20900
20899
20974
20898
20917
20900
20895
20904
20899
20924
20898
20898
20901
20922
20895
20905
20928
20896
20910
20909
49345
20894
20904
20903
20904
20911
20887
20895
20895
20902
20904
20909
20904
20899
20910
21006
50906
50345
48915
20906
20940
41734
48563
20915
20896
20949
20933
20899
20901
20911
20914
20901
20883
20905
20905
20904
20908
20903
20890
20907
20899
20910
20888
20888
20894
20893
20903
20894
20898
20894
20891
20904
20898
20895
20891
20894
20899
20898
20903
20893
20893
20897
20881
20895
20881
20895
20900
20915
20908
20920
20914
20897
20907
20895
20898
20899
20907
20899
20902
20893
20904
20912
20892
20896
20906
20908
20896
21644
20917
20902
20910
20904
20910
20896
20906
20893
20900
20898
20891
20907
20900
20900
20890
20899
20911
20902
20904
20892
20899
20915
49749
52211
48353
20900
20893
20886
20896
20895
20894
20895
20900
20896
49809
20891
20907
20899
20903
50569
20884
20901
20883
49959
29734
30642
50896
20903
20900
20889
20901
20884
20897
51143
49668
20894
49831
20958
20956
20954
20920
20917
20891
20902
20898
20902
50028
50458
20885
20908
20890
20895
20897
20912
20901
20894
20897
20893
20903
20901
20892
20900
50645
48327
20905
20898
20895
20893
20903
20901
20898
50129
20893
20923
20911
20911
20942
20923
20909
20961
20908
20927
20904
20905
20932
20927
20901
20922
20960
20946
20906
20941
20956
20899
20944
20950
20914
20933
49948
52136
49666
20958
20985
20960
20915
21003
20982
20967
20918
20909
20900
20903
20910
20897
20901
20897
20879
20895
20889
20902
20901
20905
28437
33142
22797
20911
38703
20897
20904
50904
20903
20899
20899
20896
20881
20910
20888
20896
20940
20902
20888
20932
20902
20896
20899
20879
20918
20897
20896
20899
20893
20900
20901
20898
20914
20899
20897
20893
50114
51293
20909
48558
20906
20892
20996
20906
20907
20901
20898
20901
20905
20893
20905
21143
20983
20916
20905
20905
20900
20903
20900
21190
20888
20899
20896
20903
33653
50056
20888
20891
20901
20901
20900
20893
20900
50691
49263
20924
20899
20903
20894
20893
20901
20902
20902
20901
20899
20898
20881
20968
20904
20903
20903
20902
20911
20889
20894
20900
20893
20896
20893
20895
20927
20949
20892
20910
20936
20903
20898
20919
20896
20890
20908
20908
20894
20914
51282
48464
20898
20894
20899
20916
20892
20888
20904
20902
20909
20884
20913
20890
48313
20886
20899
20899
20943
20901
20884
20905
20916
20910
20902
20908
20900
20907
20907
20918
20907
20898
20886
20900
20899
20897
20904
20892
20899
20901
20899
20898
20902
20924
20907
20900
20908
20896
20905
20901
20886
20899
20893
20893
20901
20901
20900
20905
20905
20902
20896
20893
20891
20893
20905
20905
20880
20907
20906
20892
20903
20907
45976
49118
51490
20907
20908
20915
20896
20906
20902
20896
20901
20902
20886
20908
20897
20889
20911
20901
20912
20904
20894
20905
48926
50678
20891
20899
20901
20893
20894
20901
20902
20891
20910
20917
20905
49843
49856
52122
42459
50858
20894
51452
48564
48902
20892
20912
20898
20926
20897
20898
20891
20911
20896
20902
20894
20897
20885
50746
49877
20903
20900
20903
21597
47276
20908
20905
20923
20923
20932
20892
20889
50120
20897
20909
20898
20915
20903
20917
20888
49228
20956
21019
20946
20903
20904
20893
20906
25244
49103
20887
20900
20899
20899
20890
20901
20892
20898
20903
20901
20901
20883
20900
20891
20896
20883
20901
20885
20899
20898
20888
20896
20899
20898
20888
20900
50195
50816
20904
20904
20968
20925
20911
20910
20902
20991
20933
20891
20892
49897
49412
20887
20890
50093
20888
20906
20895
20900
20893
20913
20891
20906
20895
20919
20911
20894
20893
20912
20898
20893
20901
49720
49679
21122
21026
20997
42203
49200
20898
20950
20982
20921
20918
20913
20949
20906
20945
20948
20905
20893
20966
20918
20921
20913
20899
20934
20880
20941
20903
49019
20934
20895
20892
20889
49884
20908
29281
20905
20893
20895
38921
49712
20893
20896
49967
20937
20946
20889
20907
20906
20945
20901
20906
20894
20887
20906
20912
20893
20901
20971
20908
20918
20895
20906
20910
20884
20911
20912
20903
20910
20897
20911
20899
20929
20892
20903
20908
20910
20925
20897
20893
20913
20919
20906
20907
20904
20953
20926
20911
20913
20917
20899
20909
20943
20907
20909
20896
20903
20901
51590
20885
20874
20881
20897
20882
20887
20897
20892
20897
20896
46315
29101
29131
49550
53304
48555
20945
20917
20906
20907
20922
20928
20898
20907
20952
20957
20917
20998
20915
20949
20896
20926
20904
20944
20897
20957
20910
20947
20937
20935
20931
20915
20908
20960
20931
20919
20948
20929
20904
20942
20906
20897
20899
20915
20898
20929
20900
20944
20910
20920
20902
20900
20905
20899
20900
22251
20996
21058
21057
20951
20943
20951
