23435
23436
23459
23469
23442
23410
23440
23440
23439
23435
23445
23442
23464
23473
23428
23454
23424
23458
23447
23468
23428
23450
23426
23449
23448
23441
23456
23449
23433
23449
23505
23406
23469
23437
23415
23446
23438
23401
23452
23459
23452
23436
23487
23427
23443
23438
23747
23426
23424
23449
23447
23699
23659
24077
23939
23545
23889
23513
23555
23517
23493
23986
23520
23509
23482
23493
23535
23443
23449
23434
23411
23459
23435
23448
23442
23425
23467
23451
23453
23425
23451
23441
23455
23419
23439
23432
23450
23453
23448
23414
23451
23472
23426
23475
23452
23455
23452
23460
23427
23445
23428
23439
23429
23474
23430
23448
23445
23430
23441
23453
23448
23435
23429
23480
23529
23465
23450
23449
23471
23466
23480
23459
23464
23490
23470
23514
23469
23485
23430
23467
23445
23426
23455
23456
23449
23432
23444
23427
23458
23521
23430
23437
23456
23461
23461
23438
23447
23440
23491
23450
23450
23444
23437
23434
23509
23513
23440
23440
26329
9309
9302
9308
9304
23281
23261
23313
23317
23308
24364
23461
23471
23467
23465
23455
23467
23464
23477
23459
23454
23451
23438
23445
23481
23456
23458
23458
23498
23451
23462
23440
23523
23487
23481
23447
23450
23469
23456
23466
23462
23432
23465
23432
23452
23449
23442
23459
23453
23457
23448
23475
23476
23448
23461
23465
23456
23447
23460
23443
23441
23443
23457
23475
23788
23472
23459
23467
23478
23461
23428
23474
23459
23440
23413
23408
23459
23434
23473
23435
23481
23449
23448
23475
23442
23433
23425
23432
23445
23404
23445
23468
23475
23431
23471
23444
23467
23460
23423
23476
23463
23462
23438
23468
23443
23456
23420
24087
23451
23427
23448
23498
23872
23462
23442
23448
23441
23451
23462
23484
23445
23455
23428
23445
23462
23484
23451
23459
23450
23465
23482
23449
23449
23590
23438
23451
23451
23454
23456
23454
23444
23458
23448
23459
23425
23482
23459
23452
23458
23485
23458
23424
23453
23464
23403
23415
23417
23423
23446
23429
23460
23446
23467
23454
23520
23470
23457
23426
23448
23587
23434
23418
23498
23455
23436
23443
23458
23425
23468
23469
23473
23510
23443
23463
23457
23426
23463
23447
23428
23453
23448
23435
23438
23450
23419
23435
23433
23437
23450
23458
23424
23459
23498
23414
23455
23444
23835
23431
23457
23421
23480
23438
23431
23454
23441
23443
23432
23459
23429
23449
23444
23452
23436
23456
23434
23436
23442
23432
23439
23501
23444
23448
23426
23423
23418
23458
23417
23589
23409
23434
23428
23434
23447
23437
23448
23444
23444
23464
23444
23433
23444
23416
23443
23442
23422
23444
23423
23477
23441
23434
23435
23438
23440
23421
23456
23444
23436
23429
23469
23436
23432
23437
23437
23449
23433
23440
23439
23426
23493
23456
23477
23423
23456
23440
23465
23753
23436
23467
23455
23569
23663
23456
23471
23463
23479
24127
24053
23577
23507
23549
23484
23505
23571
23530
23556
23477
23506
23413
23439
23446
23455
23436
23440
23456
23452
23450
23439
23454
23429
23445
23448
23460
23436
23446
23444
23449
23426
23458
23432
23452
23553
23445
23426
23440
23436
23435
23421
23464
23430
23444
23448
23446
23427
23448
23443
23451
23412
23441
23447
23444
23443
23439
23444
23432
23435
23433
23440
23413
23452
23448
23445
23461
23438
23447
23435
23431
23454
23439
23555
23426
23442
23449
23418
23423
23460
23452
23453
23447
23432
23449
23498
23455
23446
23480
23442
23432
23438
23461
23427
23441
23435
23418
23437
23445
23444
23447
23470
23460
23445
23415
23427
23426
23462
23467
23436
23431
23440
23421
23399
23449
23435
23441
23458
23426
23442
23450
23449
23442
23424
23440
23468
23440
23448
23438
23439
23460
23440
23449
23432
23445
23445
23445
23437
23460
23459
23439
23444
23429
23437
23470
23440
23475
23438
23438
23439
23433
23427
23424
23405
23442
23415
23452
23438
23430
23403
23453
23445
23439
23381
23449
23458
23411
23460
23436
23554
23441
23433
23427
23422
23469
23477
23445
23465
23410
23441
23457
23467
23443
23445
23429
23445
23444
23530
23452
23527
23442
23451
23468
23479
23451
23451
23450
23434
23521
23439
23504
23415
23462
23500
23466
23460
23450
23459
23443
23483
23445
23453
23448
23448
23467
23447
23449
23462
23460
23494
23455
23462
23454
23608
23452
23454
23473
23451
23437
23441
23455
23445
23483
23446
23449
23426
23471
23528
23491
23443
23459
23520
23453
23442
23419
23426
23436
23416
23431
23432
23433
23438
23422
23479
23444
23443
23489
23462
23448
23456
23484
23462
23456
23461
23443
23457
23449
23459
23504
23451
23465
23435
23430
23436
23446
23453
23448
23437
23431
23409
23425
23438
23431
23436
23452
23467
23449
23446
23436
23442
23473
23430
23690
23426
23434
23451
23477
23499
23505
23439
23480
23453
23428
23449
23455
23485
23478
23517
23497
23445
23446
23466
23527
23438
23462
23457
23458
23457
23456
23452
23466
23443
23451
23452
23441
23444
23459
23466
23546
23441
23456
23440
23453
23443
23472
23457
23440
23455
23459
23456
23451
23445
23452
23468
23435
23486
23469
23438
23471
23476
23467
23440
23457
23453
23456
23450
23459
23431
23472
23438
23451
23455
23438
23478
23470
23438
23455
23439
23446
23435
23476
23438
23423
23457
23450
23458
23519
23461
23451
23391
23430
23452
23434
23455
23450
23474
23439
23471
23469
23465
23453
23434
23469
23437
23454
23452
23479
23467
23442
23444
23448
23442
23475
23462
23499
23425
23433
23458
23464
23458
23482
23434
23481
23472
23454
23450
23450
23481
23430
23444
23424
23465
23458
23462
23450
23507
23418
23443
23463
23455
23459
23462
23440
23478
23429
23421
23465
23470
23457
23453
23436
23447
23486
23417
23477
23450
23466
23475
23438
23454
23447
23419
23445
23458
23458
23469
23450
23594
23456
23404
23525
23466
23456
23464
23485
23427
23426
23476
23816
23459
23475
23489
23428
23477
23441
23433
23470
23487
23448
23465
23453
23448
23431
23459
23442
23458
23465
23426
23468
23457
23464
23453
23485
23453
23600
23459
23452
23428
23458
23451
23468
23482
23458
23472
23448
23446
23453
23450
23427
23523
23457
23458
23435
23451
23445
23431
23459
23453
23427
23470
23457
23454
23461
23417
23415
23457
23413
23442
23478
23442
23413
23452
23462
23457
23446
23441
23428
23453
23457
23452
23444
23430
23457
23450
23523
23507
23425
