10442
10473
10501
10454
10493
10485
10482
10461
10632
10453
10491
10484
10462
10456
10463
10445
10488
10439
10441
10469
10469
10456
10458
10472
10482
10462
10476
10480
10488
10468
10488
10436
10452
10448
10445
10459
10464
10475
11790
10811
10495
10504
10476
10819
11161
10380
6271
11471
12662
11805
11757
11879
4174
11790
11817
11791
11739
11808
11184
10479
10440
10464
10469
10466
10483
10473
10486
10460
10456
10439
10457
10439
10465
10466
10489
10470
10489
10486
10789
11603
10439
10454
10436
10468
10472
10467
10474
10495
10472
10445
10484
10467
10450
10479
10467
10474
10464
10454
10431
10456
10454
10465
10466
10465
10462
10461
10470
10462
10486
10437
10469
10465
10457
10480
10465
10478
10477
10461
10430
10457
10459
10462
10482
10463
10467
10881
10799
10763
10753
10629
10656
10606
10456
10792
10520
10524
10511
10460
10511
10493
10475
10502
10527
10461
10449
10468
10450
10452
10461
10441
10459
10507
10478
10482
10492
10471
10448
10445
10433
10450
10432
10637
10470
10471
10483
10470
10476
10468
10486
10444
10469
10450
10593
10446
10472
10437
10448
10439
10442
10442
10476
10458
10448
10440
10487
10465
10462
10501
10485
10509
10457
10457
10443
10455
10440
10462
10464
10466
10445
10477
10475
10446
10535
10480
10461
10479
10471
10449
10442
10455
10451
10466
10437
10461
10464
10452
10492
10490
10511
10445
10464
10474
10436
10489
10473
10433
10790
10465
10487
10449
10462
10474
10445
10465
10445
10431
10450
10465
10484
10456
10440
10448
10479
10498
10477
10454
10465
10459
10471
10457
10435
10452
10453
10453
10477
10460
10483
10474
10434
10480
10439
10480
10474
10468
10448
10481
10452
10471
10457
10464
10447
10519
10453
10444
10489
10468
10468
10469
10472
10476
10467
10468
10469
10460
10540
10461
10465
10460
10457
10430
10462
10440
10466
10876
10445
10482
10480
10481
10461
10481
10435
10473
10430
10451
10452
10461
10460
10442
10457
10462
10469
10447
10485
10466
10449
10476
10467
10448
10497
10475
10468
10458
10478
10458
10462
10516
10433
10494
10519
10454
10485
10459
10445
10439
10442
10446
10466
10510
10486
10461
10479
10444
10468
10439
10496
10447
10440
10469
10451
10632
10479
10470
10460
10463
10466
10456
10422
10440
10447
10455
10446
10438
10459
10468
10463
10622
10482
10460
10465
10446
10471
10462
10448
10456
10456
10458
10493
10455
10473
10450
10450
10525
10429
10474
10487
10483
10464
10501
10457
10467
10431
10461
10472
10458
10445
10464
10466
10435
10479
10467
10458
10447
10477
10465
10434
10482
10464
10495
10436
10479
10460
10432
10449
10457
10468
10461
10464
10467
10466
10436
10474
10461
10456
10446
10431
10440
10662
10471
10490
10452
10446
10481
10462
10483
10451
10469
10498
10470
10462
10435
10457
10441
10469
10459
10455
10441
10471
10466
10786
10474
10449
10449
10477
10479
10479
10492
10455
10454
10433
10464
10428
10463
10477
10442
10477
10476
10485
10446
10473
10492
10471
10465
10464
10470
10469
10475
10452
10457
10459
10450
10473
10442
10475
10432
10465
10459
10487
10444
10458
10465
10484
10487
10468
10445
10470
10439
10435
10469
10448
10499
10468
10455
10476
10494
10462
10460
10453
10479
10470
10471
10435
10460
10464
10464
10477
10436
10446
10469
10455
10438
10487
10462
10493
10470
10465
10437
10474
10434
10504
10441
10479
10441
10446
10468
10479
10445
10469
10470
10485
10464
10479
10488
10465
10433
10466
10459
10454
10461
10433
10454
10459
10458
10492
10458
10449
10470
10465
10470
10441
10451
10484
10497
10455
10430
10435
10435
10436
10467
10456
10433
10466
10494
10460
10483
10463
10466
10461
10462
10467
10465
10458
10472
10433
10454
10464
10451
10433
10472
10441
10464
10460
10476
10467
10466
10454
10464
10445
10480
10466
10458
10466
10454
10427
10455
10451
10455
10446
10470
10444
10445
10496
10474
10472
10447
10493
10463
10457
10464
10438
10475
10466
10431
10453
10457
10460
10440
10455
10452
10470
10455
10491
10447
10453
10472
10471
10448
10475
10483
10473
10448
10426
10457
10439
10458
10437
10477
10451
10504
10477
10441
10484
10463
10474
10601
10483
10474
10478
10458
10459
10434
10468
10436
10462
10489
10482
10467
10477
10515
10488
10475
10468
10516
10479
10459
10431
10459
10967
10463
10649
11310
10548
10454
10475
10451
10466
10455
10458
10442
10427
10457
10456
10440
10488
10520
10450
10440
10439
10450
10446
10451
10496
10441
10453
10440
10459
10478
10463
10464
10443
10469
10470
10477
10439
10484
10457
10474
10447
10439
10433
10426
10434
10480
10437
10457
10451
10439
10452
10456
10505
10494
10449
10485
10448
10455
10447
10539
10443
10482
10437
11052
10453
10516
10465
10465
10468
10468
10466
10466
10463
10468
10436
10469
10428
10462
10450
10452
10457
10457
10454
10427
10433
10484
10474
10484
10478
10464
10477
10464
10461
10464
10477
10463
10431
10436
10439
10434
10555
10462
10458
10445
10446
10507
10471
10482
10446
10558
10494
10749
10460
10457
10452
10450
10458
10459
10437
10465
10464
10440
10465
10532
10434
10489
10463
10440
10471
10459
10466
10463
10433
10455
10438
10457
10433
10453
10438
10455
10466
10514
10481
10466
10464
10444
10475
10464
10466
10446
10461
10468
10464
10432
10451
10456
10734
10444
10463
10471
10469
10457
10456
10453
10491
10490
10468
10489
10424
10449
10445
10459
10462
10434
10451
11225
10443
10457
10464
10494
10451
10452
10449
10459
10450
10463
10469
10456
10452
10443
10445
10451
10490
10462
10461
10460
10582
10451
10476
10484
10477
10452
10450
10467
10786
10453
10431
10480
10574
10483
10476
10471
10447
10485
10470
10452
10466
10484
10436
10457
10459
10461
10546
10511
10770
10447
10455
10446
10466
10462
10456
10476
10458
10436
10464
10435
10464
10435
10475
10458
10469
10451
10459
10462
10470
10449
10451
10448
10434
10430
10433
10465
10437
10451
10470
10469
10478
10449
10468
10509
10466
10571
10481
10497
10461
10462
10437
10457
10477
10488
10444
10494
10448
10467
10482
10469
10471
10450
10467
10423
10434
10431
10466
10445
10492
10476
10479
10473
10475
10482
10470
10465
10470
10466
10433
10437
10454
10458
10478
10447
10470
10492
10464
10474
10525
10459
10496
11432
10450
10453
10582
10449
10479
10443
10491
10454
10447
10449
10447
10468
10465
10472
10449
10480
