26811
26308
26210
51023
26354
55749
27049
53931
51538
38193
28185
54486
26525
26617
51078
26150
26113
26185
26081
54550
26239
26249
26268
44362
53830
26143
51751
26562
26288
26179
26602
51257
26092
26060
26760
26460
58097
26363
26949
26639
26437
26852
26399
57522
26141
26117
26211
26203
26121
26142
53031
26082
47909
26165
26169
54399
26116
26197
26499
52751
44982
26152
26146
26337
53405
26130
26232
26096
54471
26391
43663
32511
26147
26804
26123
26140
26144
26403
46970
26188
28309
26107
26337
26428
26098
26082
33053
48261
26153
26122
26338
26268
51468
26168
26083
26087
26218
56136
26119
26064
26079
26087
55286
26136
26093
26088
26067
33907
35550
26211
53720
26581
53184
26077
26106
26069
26063
26067
26072
26062
55355
26102
26092
26058
