1525
1513
1562
598
1542
1560
1579
885
1484
1476
590
591
590
1408
597
590
1505
591
920
606
591
590
1476
1517
591
1205
591
1490
1533
885
937
886
886
893
886
591
591
591
591
590
590
591
590
591
591
591
591
590
613
614
611
619
612
612
617
612
611
616
613
612
1496
1543
711
1529
1551
1479
591
615
620
1477
1478
1491
1530
1477
1489
613
607
591
590
622
590
591
598
612
591
616
591
591
590
591
590
590
590
606
616
612
629
630
611
611
612
612
1477
1490
1489
1478
597
683
618
1476
1475
614
612
591
590
591
591
590
591
591
591
590
590
590
