125691
100344
99339
102223
103060
99115
124776
123314
107843
97995
99758
99396
99987
106615
125311
99041
97945
97990
97907
101425
98209
100105
129615
101257
103761
103404
99574
99106
124392
125901
99831
98807
99121
98751
125251
99373
99009
111721
98846
101074
100415
101055
127480
100691
121359
118480
108804
124411
101053
100485
99962
101124
108352
99092
121984
106092
100719
99665
126729
125879
126192
123535
98290
104627
115016
102370
101010
101364
110576
118843
101826
101999
130650
101075
101882
103600
100245
123242
100761
100487
100693
107165
103174
104294
99124
128712
104544
106208
98951
136831
127173
122047
124558
103399
98280
99111
102200
105709
133981
103712
100706
109019
101425
129283
103425
100578
104888
99492
122158
114007
101107
123297
110458
97910
97914
126965
126427
97901
97918
97887
125616
98099
98137
125801
