2461
2464
2345
2601
2415
2673
2675
2553
2637
3190
2343
5695
2337
6055
2491
2421
2451
2547
3513
2382
2366
2346
3513
2352
2379
2335
2337
2355
2436
2428
2389
3513
2380
2374
2389
2460
2410
5869
6040
5946
6115
5880
2422
2362
5925
2512
2431
2449
2461
2537
2498
2523
6169
5989
6026
2513
2409
2419
5904
6024
5987
5969
5887
6103
5913
6357
6079
6104
5866
6018
2347
2382
5977
2415
2439
2509
2488
5940
6240
2432
5846
6069
2540
2355
6076
6343
6083
2519
2352
5888
6317
5853
5850
2409
5849
5994
2374
2388
2432
2689
2422
2386
2438
2479
2607
2448
5885
2415
2348
2336
5849
5876
2431
5867
5870
5898
5847
5916
5853
6037
5860
5890
5849
5870
