4433
1734
2068
1726
2164
1812
1899
1770
1817
1780
4081
1648
3745
1633
1629
1902
4236
4090
1626
4137
4113
4136
4212
1740
1685
1750
1817
1718
1629
1702
1969
1626
1667
1626
1987
1658
4243
1687
1686
1634
1655
1756
1773
1686
1692
1696
1707
4161
4229
4296
4483
1690
1701
1910
1756
1821
1655
1709
4228
1779
1780
1701
2441
2064
2594
1793
4220
4102
4129
4118
1626
4108
4085
1729
1626
1626
1733
1686
1626
1708
1700
1690
1700
1683
1686
1745
1627
4220
2476
4167
1719
1691
1629
1695
1709
1625
1694
1715
4073
1695
1686
1693
1692
1690
1675
1627
1747
1675
1624
1678
4231
1658
1730
4078
4085
4128
4101
4075
4080
4110
4080
4083
4105
4079
