110285
89197
119610
113623
89268
91710
105142
119427
95407
114761
89866
89317
118829
89227
89133
88792
88879
89086
89234
89021
89027
88714
88796
88762
90164
88684
88699
88878
88990
88785
88892
89334
95733
104273
91712
102871
120286
101402
118461
91914
88729
89617
89418
89184
118216
93467
90844
94867
89143
91226
112825
88974
89152
88885
88972
92182
94584
91887
103631
92327
91317
93179
103432
104199
117702
101854
90107
89300
116228
118623
117882
88816
110321
92271
89578
104302
90427
89598
115858
89483
89354
89325
115259
89116
89278
89672
89173
90708
115775
115171
89336
89333
89735
89314
89486
90096
137049
105428
88864
89647
102648
112963
93841
93984
93442
94562
97968
94506
106343
91559
112579
94218
116484
88723
90447
113823
113788
88904
89915
90154
117069
89918
89538
118615
