11037
11019
22291
24085
10901
24256
23981
22844
19871
19799
19777
19779
19787
19978
19926
19694
19784
19925
19754
19714
19706
19704
17312
19606
19609
19646
7847
7866
7838
19922
19709
7829
7828
19774
19920
19708
19771
19719
19715
19834
19720
19681
19810
19738
19985
19714
19829
19725
19708
19789
19798
19787
19773
19707
19735
19844
19719
19793
19731
19697
19798
19747
19897
19695
19684
19719
19723
19747
19816
21991
20675
20306
20369
11675
24662
25144
24002
24209
24060
24031
23882
19957
20778
19785
19855
20161
19940
20049
20552
19886
11317
7832
7859
7832
7835
7847
20512
19576
19832
20358
