83432
83422
83472
110011
111780
83405
113269
110455
83457
83597
111820
83658
83958
111999
83652
110879
83893
83908
110057
83593
83681
83722
84057
84154
83846
84288
83722
83857
84162
83753
83724
83904
84105
84038
83540
83878
83522
114320
110744
83567
83640
83786
83601
111417
112715
83733
83999
83514
83525
112766
83694
84138
83447
114333
111213
113993
111139
108704
111497
114800
83467
110944
84618
110851
113866
112687
83892
83718
83563
83640
110599
83844
112814
113045
84974
84447
84002
84087
112789
83835
83770
111535
83435
83439
83461
84223
84096
83808
109984
84145
113155
110879
84468
84268
109200
83756
83851
112478
107870
83779
