19628
20486
19503
19203
26584
19875
20154
45721
44015
19742
49985
19193
27593
20492
19841
19305
19193
20143
19776
19462
19668
21897
19027
19056
18992
19023
18933
19100
18943
19141
33120
46747
18954
19350
18948
18978
18948
18931
18912
18884
19418
41001
19268
21704
48696
20238
20339
19589
19247
19447
20072
19727
19347
19634
20033
20148
44106
30785
19970
20459
27466
20012
48433
25129
20136
19753
20044
20285
21695
20846
20678
21376
19574
19184
19222
19873
33856
19847
19903
20220
19973
20179
20566
20818
21638
20055
20152
19991
20257
20297
20433
20275
43821
20207
20198
20082
20095
20326
20632
19663
20358
19956
19610
21611
20411
40187
19484
19352
19010
19230
19162
48246
20430
18861
18870
18861
18875
18866
18868
18879
18892
18871
18877
42147
