32136
33091
32131
32139
32278
31923
32559
32166
32205
32239
32647
33621
32278
32231
33404
32262
32340
31967
13539
39101
17916
17834
31734
33285
31865
14070
12730
38983
39288
40399
37488
12661
12670
31431
33382
30763
12974
12746
12803
12876
12802
27451
31841
31951
31914
32801
37756
14141
13168
13221
19568
19351
32377
31534
12726
13548
13004
12899
12786
12906
13164
12758
12865
12766
12747
12734
13023
12800
32050
31749
31776
31970
32055
32214
32384
32217
32224
32307
32083
32078
32226
17808
32007
33072
35983
35968
32126
36163
36242
35993
36195
36030
36268
33456
31942
32043
32198
32548
32089
32177
