650
652
628
624
655
648
1644
1679
647
646
624
795
1827
624
624
640
1558
1559
1576
1558
1559
1576
1616
1579
624
1560
1567
1560
1610
1561
1562
624
624
631
624
625
624
1605
624
1636
1574
1565
1598
1573
1947
870
879
919
658
627
624
647
1560
869
930
1924
905
1812
1560
1561
1679
1640
1615
1560
1573
624
627
659
652
1575
1614
1563
1560
1616
1594
1566
1928
1577
1574
1632
1565
689
646
647
1559
646
1559
1574
1631
1561
1560
1573
1754
1561
623
624
1573
647
1008
671
1789
631
1793
1842
1834
1573
1841
2182
1560
1785
1766
652
1783
640
623
626
1559
1572
1560
1789
629
1560
624
1559
