4313
4367
4452
4412
10978
10634
10739
12282
12306
11279
4348
7615
4244
4411
11232
4333
4420
4679
4493
4539
4398
4414
4505
4521
10827
10966
10734
10943
11222
4410
11092
10919
12012
12043
12066
12196
12062
12372
4400
12129
4462
4402
12089
12812
12079
12565
4382
12520
12318
4451
4341
12876
12686
12223
12848
12498
4419
10920
10066
4421
12956
13364
4380
4576
10654
5592
4509
4362
4349
4578
7283
11107
10639
11718
4379
4397
4280
4725
4424
4270
4257
4315
6623
6455
4441
10832
6729
11018
4247
4262
6524
4304
4395
4505
4306
11585
4466
4927
4458
10983
6540
10695
4333
4371
4281
4248
4318
11004
10627
11124
10886
11478
11107
4245
4314
4244
4271
8396
12085
12062
12086
12044
12057
10608
