23812
23506
24597
24273
9451
9516
23425
26332
10618
23446
9932
14628
9477
9690
9493
23817
23471
23523
23612
23370
23717
26712
26883
24025
27563
9986
26794
26435
26572
24916
9396
23345
23374
23416
13145
30013
13582
9792
9774
9774
9757
9762
10806
9712
23826
23253
23689
23289
23300
23326
23330
23321
23423
23783
9491
9361
23794
9399
9382
9467
9534
9302
9418
9421
9355
9762
9403
9312
9475
9411
10525
27554
26792
9416
9406
10126
9314
9890
29458
10287
10965
10765
10021
9979
9792
9870
9918
9776
9830
10130
9778
10273
9999
10130
10054
10054
10186
9926
9770
9770
