8309
8260
8595
4909
8266
8236
8287
8281
8260
8267
8444
8422
8247
8260
8342
8350
8498
8497
8301
8299
8227
8303
8232
8282
8499
8260
8233
8311
8244
8268
8277
8288
8258
8277
8258
8259
8248
8279
8291
8228
8421
8226
8254
8203
8318
8318
8253
8226
8233
8275
8233
8232
8436
8278
8411
8274
8295
3310
8328
8528
8230
8273
8229
8343
8365
8233
8416
8318
8332
8243
8263
8669
8282
8469
8238
8220
8234
8230
8228
8325
8406
8405
8226
8224
8254
8230
8265
8210
8234
8367
8238
8263
8232
8231
8290
8236
8222
8360
8229
8264
