54189
54220
54304
54220
54297
54371
80289
54412
84618
84840
54726
54416
54300
54299
54303
81982
54337
80945
54259
54232
82835
81948
54204
54245
54198
54221
54221
54245
54254
54187
54237
54156
54171
54213
54251
54225
54313
54336
84212
84922
54418
82917
54880
54452
54371
54536
54313
54818
80906
82795
54367
56271
54516
83289
80128
77534
56868
57363
80273
55478
54489
54977
54876
79674
54265
54317
55361
84285
84538
54343
82746
54233
54230
54230
54256
54201
54235
54216
54190
54218
81635
54169
54524
54428
54252
83423
83315
81693
54364
54388
54403
54155
81997
54189
54224
54285
54332
54262
54243
55041
