34248
35726
64488
34352
34090
60747
48796
35660
36091
63263
61604
34455
35406
34690
63251
65209
65205
53949
62985
60401
65679
60838
65547
63002
40607
61314
59935
35704
34398
57487
62564
34191
48458
35304
35206
63864
34106
56510
34430
62496
74449
34652
62697
34373
34116
34144
34608
64266
34241
34289
34396
60200
49539
34123
60163
34928
34424
54834
35703
34660
34603
34103
65794
56072
62417
57384
61880
34140
56725
34655
34286
34267
34207
54293
34140
34307
34118
34143
34272
34332
60733
34296
51076
34283
34462
61687
57504
62454
60794
34484
34350
34372
34928
64271
63043
34137
34143
34211
61088
60524
