108495
79558
79503
79490
80260
107800
94644
106895
108195
107667
81292
84109
107810
79905
79741
80225
80124
80118
87242
109004
79745
79733
109093
81002
80264
79567
79722
96757
79569
79600
108376
108545
103787
80126
108623
107089
86739
108057
103547
79722
79827
79870
108023
80154
79703
79890
79857
108303
79727
79598
79858
100504
79660
100620
106387
79382
79411
79462
79484
79528
79461
79524
80148
79594
79633
79643
79708
80420
80107
79633
79712
79848
79773
79668
95292
106689
80761
82092
80181
79638
79773
79601
79739
98415
79726
79861
80413
80686
79881
79553
79762
107400
79762
79518
79821
79911
79818
79942
79755
79881
93978
80389
79775
79451
79817
79456
83348
79747
79844
79854
79738
79630
100447
107938
79652
81664
107878
83092
80277
106829
81292
80001
110163
108408
