47340
47339
47392
73664
47436
47880
47609
65378
61044
49519
77522
49105
47345
47821
47454
47376
47749
47508
47434
47503
47508
75016
47958
47658
47700
47440
47355
47603
47595
47576
47980
74228
47370
47596
48001
47614
76504
47533
47581
47603
47627
47598
47524
47610
48023
50208
74785
47787
50469
48121
68156
48875
77687
50960
48577
50462
48795
51399
51295
52638
64150
73677
70595
48638
50954
75433
74159
52569
72603
48114
47781
47775
48117
77315
65720
48924
48961
63711
49429
47908
72589
49191
49226
48995
75485
48843
49014
48051
48289
48121
48628
49175
75332
47923
47923
49210
48682
47932
48233
48551
48272
48859
74786
48672
74657
48563
57429
48656
47910
48628
78286
47488
47411
47609
47575
50117
51101
47817
71052
55051
47386
47430
74552
47330
