19051
42094
37521
41959
42845
48691
24896
16562
16620
16585
16658
16629
40500
16546
16580
16617
41323
25022
24849
28971
17728
43127
42089
16682
25190
16775
16553
25261
16511
25073
17457
16632
24784
46738
16525
41819
16587
25145
16623
16682
16592
43407
48427
18023
41747
29467
24836
28170
17066
45847
41652
16520
16567
16931
28937
44445
42043
16542
16652
16575
16761
16563
46299
16801
41964
16734
25207
16535
42018
16534
41410
26276
46504
16882
16751
16520
43112
48371
24811
24805
16560
23695
47429
24832
16828
16505
41109
16611
16533
42588
16514
16556
41444
41532
24797
23062
23082
23061
23057
23178
