79798
79111
78895
78836
108481
78993
107365
79032
108230
79776
79563
80066
107298
108141
78925
78989
79532
79739
79299
105403
107815
107197
80854
80856
79483
79062
79182
79677
78895
78886
78888
78896
78865
78881
78921
79175
79218
79386
79407
79219
79136
108528
108031
79312
78853
79837
105945
79193
79174
79045
108038
105863
103782
79775
79621
79779
79903
79538
79329
108679
78874
79167
78919
79174
107361
78968
100125
79710
79095
105051
78912
78928
79248
79095
79048
103563
79184
79373
106777
107911
106641
79084
79508
79006
79024
78842
78937
107991
79029
107966
79249
79125
107930
106393
107399
79050
79104
78856
78866
78858
