87584
58450
58496
58524
58574
58625
58511
58449
58520
58440
58452
58817
58503
58508
58793
58551
58484
58540
88394
89167
58653
84610
58434
87132
58745
59415
58493
85292
58489
85401
58423
58429
87673
86179
58599
58846
58484
87362
58407
58404
58393
58450
58404
58396
58404
58444
58396
58392
58452
58445
86917
85850
86299
88151
87474
86919
58398
83428
58436
58450
86764
58841
58930
58624
58439
58424
58473
85857
88060
58735
58942
87803
58596
86139
58764
58568
58454
58465
58421
85822
58847
58386
87893
58681
58637
58424
58466
58406
58455
58411
58473
59042
58694
58525
85754
58497
87390
88583
58530
58617
