75367
75538
99821
75137
75600
102562
75096
75167
75272
75056
103395
74941
75014
102675
104203
75376
75362
100735
103456
102230
101456
103620
75415
105226
88991
105625
103255
103091
75214
76410
77060
102493
104450
75456
103520
102607
93123
103583
75115
74978
75127
75131
75368
75371
75310
75412
75045
75274
104178
75529
75172
75189
75311
75292
75636
75339
75178
75443
75279
98668
103358
75581
75756
75393
104536
74967
101808
105389
75481
76048
102057
103229
75293
101238
75000
75221
75238
74986
102366
75460
103219
104701
75523
101078
79999
75536
75291
104538
75341
103558
75182
75206
74990
75130
75281
100215
75567
102334
75979
76253
