111691
84396
110814
84922
111813
84252
84505
84356
111770
84510
84482
84229
84081
84115
84103
84014
84035
115879
96971
84729
84584
85009
84866
112003
88584
84306
85598
85413
84588
112207
84084
113328
112637
112431
109731
84725
112040
109722
111840
83982
109487
112042
89142
114331
92676
112293
113296
113304
111569
84311
112281
85088
108696
111708
86223
84645
84166
84064
83998
111319
85253
85112
85217
85100
89036
112665
112805
112957
84195
111338
113377
84505
84516
84545
110723
84144
84170
112538
84041
111678
84385
84330
84673
84362
84315
84617
84846
108129
99530
84227
115640
112389
112199
114888
84538
111159
112856
111863
84014
113187
