17858
18084
17633
17280
17446
17078
17556
40702
18341
17387
17016
17052
16865
16849
16760
19825
16880
17342
42485
44284
17132
29707
16810
16748
16751
16761
24832
47461
16799
16771
16778
16739
16740
16746
16752
43212
17142
28452
43446
25497
23519
36405
45761
16774
16775
42777
26032
23860
23564
23542
23335
23332
23362
36665
47351
16754
16750
16752
16738
16870
16971
17130
16963
16769
16756
41056
41860
23802
17113
23368
23326
28030
47762
16761
16743
16885
16757
16774
16812
16791
16779
26206
42086
46950
16814
16765
16753
26833
42530
16763
16757
16946
41893
44911
16738
41895
22079
16758
16907
16850
16992
16890
17001
17450
17162
42862
16973
16798
40013
16756
16735
17397
40178
47303
16765
16744
16739
16739
16748
16745
16753
16741
16738
42182
