100674
99128
70321
70542
96161
70448
70744
70444
100378
98170
70281
70238
70411
70467
91323
74326
96944
70184
70315
70365
96993
70286
70359
70562
70246
70290
70279
70225
70308
70241
70297
70374
100062
100429
70154
97128
97288
70184
70392
70192
70418
70406
70149
97313
96836
98629
100042
70489
70247
70286
98951
70544
70363
70379
70310
70922
70411
70477
70388
70487
70363
70160
70277
70198
70319
70273
70290
70642
70731
70559
70470
70463
70523
70448
100133
98713
70358
99501
99753
98993
70282
70175
70171
70215
70376
70367
98996
98441
70540
70229
70213
71902
74076
89526
70227
98303
97579
70122
70210
70106
