1099
1091
1123
1117
1143
1129
3087
3099
2809
3093
1097
2747
1088
1089
1088
2820
1172
1136
1088
1138
1127
1140
1147
1430
1128
3081
3234
1123
3081
2721
1144
1129
3101
3127
3316
2767
2771
2743
1696
1128
1190
1089
1098
3121
1121
1091
3110
2844
2837
1574
3358
2719
2720
3354
1088
1131
1129
1095
1090
1125
1088
1089
1128
1208
2726
2721
1161
2736
2768
1097
1135
1194
1131
1168
1128
2722
2738
1088
1089
1088
1163
1100
1173
1103
1089
1104
2794
1180
2722
2790
2722
2722
2721
2721
2729
1088
1089
1130
1106
1088
2742
1130
2722
2745
2719
1106
1088
1089
1184
2721
2762
1178
2781
2750
2731
2733
2735
1094
1088
1087
1089
1091
1095
2737
