26243
25155
24997
25044
24907
52678
24872
46569
24483
24662
24008
24525
51575
23599
23630
23596
24088
51222
23665
29804
36226
46023
30548
23619
23856
23812
23718
23561
35158
52855
23658
23610
23598
23786
36093
26979
23633
23674
53016
32645
45181
23903
23571
23569
24002
24271
23868
24035
23758
51353
23570
23643
29590
23841
23835
50735
23720
49660
23552
44940
34910
32862
37930
53098
23545
23526
50423
53652
23653
28276
23589
23576
50515
23552
23559
23588
29980
23575
23578
53760
23745
23732
23550
23670
23592
23605
23600
23559
23566
53157
23554
32150
49533
52132
27459
23655
23657
23576
24074
23663
23573
31069
32969
52934
24017
24019
23843
24273
23978
47766
23812
42624
30069
50252
23543
52096
23958
52793
23550
23552
36216
53040
23548
51993
