40863
41213
41128
40908
40938
41048
41160
41177
66401
40974
70970
65869
40903
69302
40863
40850
40852
69793
67520
70357
67720
40939
40808
40816
71165
70420
41159
41256
69666
69448
70772
70185
40965
41056
40936
40960
69363
40788
40736
71106
69351
67655
40729
69863
40704
58784
54606
69660
68081
68530
41042
41329
41443
40984
40990
40981
69108
71627
40660
40625
67837
40975
70319
67811
68765
40680
40730
69418
40637
40672
40641
40630
40633
40681
71016
66860
40883
40793
40765
50341
68079
40762
40781
69078
40689
40660
40793
65694
69499
40621
66233
40977
40982
41032
40823
69999
40763
41004
40851
40876
