57996
57983
58023
58168
58137
57989
57957
57968
57951
86399
58262
86110
87385
58351
86486
85677
58343
85758
58226
58229
58428
58053
58204
58063
58032
58019
58079
87228
88287
58222
85519
83560
89136
58280
58484
58071
58006
58116
60345
88901
86100
58211
58021
87703
86317
58126
58123
58348
58130
58078
58162
88928
58284
86782
88807
88147
58311
58336
59806
58362
86506
58413
58006
87617
88800
58026
87327
58411
58378
58623
58592
87653
88104
86840
58412
58001
58204
88531
90200
58760
73163
58095
58051
84956
58127
57932
57994
86024
86695
86772
87556
86846
58074
87230
87127
87491
84420
84869
87381
85862
