37411
37251
37290
37315
37364
37258
37283
37272
37405
36131
14720
37265
37130
41500
38243
37408
37315
37365
37345
37356
37073
37093
37368
37166
37077
37101
37144
37161
37111
37107
37113
37184
37133
37193
37037
37055
37064
37094
37468
37180
37243
37212
37177
37150
37154
37252
37121
37554
37122
37160
37130
37082
37109
37069
37251
37424
37266
37060
37102
37175
37105
37108
37186
37136
37158
37167
37091
37175
37035
37024
37086
37083
37080
37068
37124
37164
37143
37124
37092
37305
37363
37280
37332
37385
37365
37313
37084
37169
37165
37239
37131
37104
37205
37269
20647
20833
20706
20854
20514
20506
