34695
35011
35063
34737
35006
62543
34731
34580
34533
36695
64140
64978
63225
34792
62264
34708
34424
34422
62566
61385
63157
62872
34411
34414
34415
34425
58998
64379
35077
56870
62302
61039
35009
59586
53938
34472
34692
34435
34778
34444
65327
63634
61967
61917
34578
34878
34702
61544
61402
34417
34588
34731
34588
34440
34439
34423
63425
45533
34815
56742
34422
34414
34621
34443
65321
65607
34436
37606
63058
34463
34501
34700
34486
34481
34494
34469
34435
34440
34440
61691
61560
34439
34454
34489
63516
63151
34681
34652
34474
34577
34456
34533
34492
34572
63986
63140
64339
62923
61948
61692
