27981
28143
28154
28327
28065
28190
28238
27980
27991
28214
27947
27984
27993
28017
28062
27999
27980
28093
28048
28013
28267
27990
27971
28054
27993
27999
27958
28034
28002
27975
27961
27999
27963
27975
27967
27972
28181
28147
28120
27985
27968
28002
27969
27951
27957
27952
28098
28022
28105
27996
27966
28350
27924
28068
28021
28027
27996
27981
27998
28029
28142
28083
28017
28045
27991
27979
27957
27961
27977
28017
27952
27955
27953
28187
27987
28126
12890
11104
11158
11169
11112
11161
11116
11143
11121
11134
11136
11117
11109
11201
27988
27806
27958
28042
28006
27944
28099
28135
27977
27997
