50689
50617
50591
79749
80911
50755
50851
50694
80867
80143
80258
79523
50533
81241
78249
50576
80276
79749
79533
77845
77519
50553
50600
50528
50845
75021
50596
50538
79915
50731
50623
80198
50707
50657
79936
80415
79691
74389
79125
56714
50679
50623
78959
50536
77712
50505
50955
77605
50777
50824
79323
79712
80707
50598
51461
50599
80594
78776
79583
50523
50504
80663
81584
79479
50638
50546
50643
77363
50585
50752
80336
50763
50752
50603
50600
50523
50523
50533
50538
50565
50702
50643
50635
50611
77552
77524
50573
50597
81731
80412
81488
50661
50788
50935
50604
77973
50581
50579
50557
78377
