92388
117990
118171
116969
117356
88888
114403
116648
114387
113932
115370
91410
88094
90433
89628
89344
89134
89425
89323
117791
117917
88348
110406
90210
90142
89933
89800
90033
115223
89657
90647
89842
89325
88797
88778
89883
116010
95079
114583
90756
111938
90532
116578
104347
90050
94705
95637
89930
91064
116362
90772
89218
89591
89582
89346
90326
88904
88761
90446
89748
90039
90168
90793
90646
91337
91826
90148
130980
97763
95533
95861
90468
117041
104048
93184
89364
116903
115327
90700
91050
89786
104351
90124
89214
90312
90185
90393
111577
90293
89037
88646
91840
89705
90930
92420
92254
117329
116874
105290
89667
91329
90726
89915
90462
90293
91471
88909
115126
89488
88674
97445
90409
90239
88114
88128
88123
88122
88095
88174
88094
88079
116120
88584
116586
