66726
67984
66532
66531
96336
93961
89098
66511
74737
94803
92999
68740
99203
67561
97466
90785
67967
83777
68654
71202
67538
88902
77406
66880
66930
66923
96121
66719
67070
97264
66836
67033
67150
66954
68382
93634
66586
72389
66522
66840
66400
66389
66412
93266
93667
66674
66913
66776
68209
68793
96930
96151
67579
67304
67379
85188
66960
89518
67295
84096
66741
66745
66608
85572
75095
96386
93410
95903
67959
66790
67459
66828
66680
68370
95931
93456
67304
67510
67400
67603
67548
67573
67608
67751
66673
67894
84684
67598
67277
66542
66735
67514
97847
70983
95329
69410
68402
68384
72147
67219
67508
74364
68015
67480
89530
68179
84192
93445
67638
94319
80092
96912
68083
66385
66702
66580
93556
66721
66489
66519
66652
66384
79910
94883
