42733
41629
63722
40945
59239
42310
65646
40628
42307
40886
40819
46851
69078
41001
41170
41021
40883
70819
41066
41681
42596
41000
41775
41762
41567
41949
42028
67552
43269
42189
40378
41935
40366
41359
43420
41349
41395
40785
40734
68200
46292
42875
40982
70168
41543
57529
66016
42589
41810
41495
41616
67312
40780
65254
61282
69372
42241
41679
42329
41453
68095
69060
42354
42525
41741
41885
68064
52163
40551
68874
41459
41748
40943
40848
41156
69075
40502
40777
41583
41155
41079
41383
41251
44043
41287
41938
41088
69149
67013
40748
41917
41416
41704
42929
41993
68532
69293
41457
41031
40707
69146
41893
65097
62849
40443
40620
44570
66943
40655
47393
67070
42913
68286
40250
40259
40253
40251
40251
40252
40252
40260
68691
40261
72008
