24062
23988
24062
24033
23986
24024
24144
23907
23889
23889
23912
23881
24183
23934
23888
23911
23884
23911
13192
27072
29132
29083
29066
29038
28586
23856
23861
23924
23856
23845
23915
23891
23874
23873
23904
23913
23909
23883
23909
23890
23891
23882
23905
23918
24024
23936
23863
23897
23984
23913
23913
23947
23961
23901
23884
23968
23909
23937
24107
23909
23931
23959
23906
23884
23893
23899
23904
23947
23909
23894
23894
23897
23905
23901
23929
23910
23929
23926
23869
23891
24148
24254
23921
23860
23863
23829
23898
23837
24030
23878
23861
24073
23846
23921
23874
23832
23870
23878
23863
23845
