28744
57550
28744
29062
28796
28954
55201
31206
35828
28738
29677
28801
55040
28968
55994
28801
32175
29549
28651
34402
58265
46932
29464
29680
29521
29171
31220
31372
28960
30141
30049
30240
44265
31560
31553
31077
29475
31578
31459
31387
38263
30163
29343
29336
29688
30813
30936
32153
31904
29393
30339
47109
54268
49912
34275
30512
30523
29666
29678
57295
29068
29155
28805
28489
28464
41268
28668
29249
30075
29573
30212
57128
28761
28673
28769
59239
29970
36486
32502
34045
31368
31059
30448
30228
30005
30692
54447
29102
29111
29494
29369
29555
29805
28813
29693
29610
29872
52714
29848
56800
50493
29403
48340
29421
29217
44963
28632
28923
32354
29145
28974
28939
30802
57904
28443
28469
28460
54245
28428
57094
29131
29060
44847
28550
