38616
39825
38721
39024
61403
62051
61424
37543
37238
51945
37177
37698
63826
38089
38378
45335
66641
39054
37710
37161
63497
66280
37210
67285
66675
64335
37297
37281
37234
37165
37691
66654
38044
65634
37133
37363
37271
37415
66229
37284
64279
37389
37439
63881
37590
37323
46790
59538
39083
46517
47032
37729
65005
38166
39733
38059
38108
41040
64926
39409
65349
37861
37227
63144
66705
66444
37564
37290
38088
38375
63915
37360
37492
57177
66705
37846
67898
64612
37262
37728
37138
37641
37154
37490
37243
37547
38201
37575
37868
37542
38375
63099
65157
65334
37360
62742
47396
37728
63201
37233
