11452
11483
11703
11642
12027
11845
11788
11576
11615
11783
11681
11889
11489
11486
11714
11743
11509
11438
11522
11667
11171
27649
10999
27521
19989
28098
12080
11663
27979
30255
27510
27510
27534
12310
11269
27518
27528
17187
27499
17258
27491
18440
27663
27927
11069
11308
11136
17591
25514
16725
22913
30005
11493
11061
12222
11298
17164
11495
17274
12291
11426
16949
11301
11640
12730
11065
10996
28190
10930
27800
27664
28019
11936
31002
29582
27606
27507
28015
27527
11888
11484
27560
27550
10981
10966
10917
28198
21870
10965
28353
26695
11012
10916
10991
22279
27941
32385
31200
28318
27540
