78944
52449
51948
66404
51427
51226
71021
51421
53949
80064
52013
52765
50921
50938
50949
50965
51007
50891
50902
50886
50899
51141
51109
50968
51020
51047
51848
77793
52153
56848
52343
51866
52106
74689
52116
76999
51787
51709
52876
52022
51918
51631
79110
51251
51217
51621
80757
57054
51380
51062
51679
56987
51028
50979
51035
51089
51531
74466
51034
51176
71527
51144
76231
51788
51526
82042
51228
51027
51539
52229
79517
79870
52301
52743
75656
52114
52766
53014
52006
51950
51866
51912
52214
79356
51337
51523
51064
51216
51493
51482
51130
51378
51387
52350
51168
80531
80209
51636
75786
53785
52598
51716
77331
52293
54533
51926
81597
51103
51300
50912
51179
75067
51911
51954
51930
51605
68863
51958
63410
60908
51411
79859
80596
65656
