103850
133103
103962
104155
103992
103870
104129
103919
103797
103781
103925
104034
104142
103983
104055
103979
132457
103616
103619
132277
132150
128835
104007
103832
103714
103640
132997
129875
103602
129958
133995
132802
131473
130809
133947
131809
103899
103918
103852
132966
132310
103949
132574
103672
103766
103736
103822
103723
103838
103925
103751
132452
104226
104026
104059
103918
103950
104005
103889
132704
132782
104812
104735
130989
129437
103966
104124
104029
103870
130201
103758
103952
103833
103869
104186
103807
104098
103915
103843
104263
103658
103678
103698
103922
104088
103988
103695
131195
104791
132397
104011
108324
103934
103652
103659
103779
103888
104039
103883
103802
