13564
13524
13545
13487
13486
13780
13631
13548
13668
13587
13649
13718
13526
13495
13494
13550
13534
13512
13616
13563
13698
13599
13628
13588
13515
13593
13508
13564
13635
13527
13625
13643
13519
13509
13621
13495
13510
13487
13498
13688
13514
13520
13572
13605
14188
13512
13584
13578
13639
13656
13575
13540
13488
13520
13516
13494
13580
13519
13579
13517
13605
13579
13611
13489
13508
13542
13526
13535
13490
13556
13508
13582
13587
13591
13586
13627
13589
13494
13562
13641
13639
13488
13501
13548
13509
13703
13589
13607
13584
13643
13717
13640
13635
13541
13907
13532
13492
13539
13503
13624
