49070
74703
48588
76346
48595
75767
75684
48417
74004
49013
51298
48144
78331
48312
47913
71086
47363
47322
47473
48225
76968
69968
48091
75412
47941
47895
48009
47970
47768
47887
67554
47543
47591
47464
47580
47377
75787
47956
47945
47832
71936
47052
47189
47015
48131
47735
47714
48229
48653
48038
72845
54471
51296
53854
48775
70443
47723
48924
60871
48392
47857
53046
48230
47927
48189
47812
47430
51073
47445
47829
76567
47503
74091
47715
47524
47761
49773
49124
47464
48159
71468
47539
67249
49975
48979
75448
47841
48219
48599
48496
54155
48913
47479
49118
48838
49514
49399
48804
48475
49371
48147
49221
78159
48228
48648
49113
48716
70428
47978
55275
48229
48195
47793
48041
77392
46964
46958
46978
46975
46984
46980
46975
46979
51471
