89840
62452
62456
62485
65046
90465
65213
89058
62331
62392
63185
64749
72032
96265
72722
90172
64785
63843
65373
90585
62927
62556
63081
63200
77009
93636
71223
84221
64512
63681
92797
66178
63256
67825
62994
62646
63463
94901
63019
63415
76600
63954
62983
62451
62746
62740
89288
91419
65359
67918
65489
65742
62405
62388
62424
62779
87668
62331
62709
63155
62418
62992
63615
63802
63705
63345
63525
63326
62320
62336
83916
62461
62541
62533
64005
92739
84274
62518
63199
70326
64039
84169
62513
62500
64438
62478
64461
69299
62619
62622
62635
91930
62377
63097
63486
71712
63288
88174
63475
89804
62778
62675
62911
62805
63075
75695
62925
62790
63340
62545
63396
88285
92142
67357
62720
62836
62700
62537
62833
62639
63946
93227
62328
92197
