36809
37263
36753
36799
36847
36797
36620
36807
36854
36846
36743
36787
36788
36703
36705
37050
36651
36896
34790
36512
37045
36855
36719
36757
36696
36614
36606
36569
36598
36798
36730
36668
41479
41458
40301
21989
36323
41028
41479
38753
36699
29201
36741
36438
36594
36686
37072
37045
37207
36845
36683
37061
36598
36810
37892
37024
36897
37081
37056
36967
36839
36922
36810
36754
36774
36593
37103
36646
36833
36638
41147
41257
20273
20261
20369
41175
14655
36407
37073
36372
36487
36608
36566
37190
44783
20594
44762
22102
21931
14686
17825
37007
36917
37475
15942
36316
15974
16035
16226
15947
