70674
70675
70717
70780
98721
100049
99206
70605
70651
70659
70616
97264
99697
98203
70796
99757
70729
99478
97690
70641
70615
71364
99863
99633
98686
70673
70742
70693
99981
97915
70793
70676
70839
99476
70776
70740
101306
101080
99545
70978
100215
97919
70629
99881
70594
71017
98204
99321
70654
98281
70765
100606
70687
70635
99789
70859
70809
70626
99519
70748
70693
70708
70733
70768
70707
70904
97662
99477
70987
70592
70618
70700
100043
70739
70822
70769
99886
98219
100098
71072
97451
97345
99797
70754
70730
98328
101081
70846
70754
70727
98655
71050
94741
100488
70920
71115
70951
97814
97745
71014
