70876
45625
39224
39194
38411
38057
38168
37441
37473
50768
37647
38473
65946
37587
37502
37536
67345
37459
58918
56800
56766
52917
37595
37502
37608
37579
37490
37580
37559
37485
66785
37584
37514
37556
37441
37451
38124
65556
37521
37467
37599
37649
37611
37639
37702
37705
37697
37481
37781
38354
37912
37700
38291
37676
37605
37608
37544
45950
37586
37518
37591
37513
37597
37601
37562
37799
37497
39063
66093
37482
60200
37489
37467
37499
37466
37462
37521
66446
37467
66427
37594
37454
37479
37468
59562
37467
37468
37506
37502
37542
37521
37596
37550
37609
37513
37729
37566
37925
67185
37482
66478
37559
54354
37506
38448
66308
66937
37769
37625
64899
37460
48972
37743
37515
37517
37454
37486
37441
37451
37449
37461
37432
37459
37522
