31989
31988
32001
32124
32011
31517
31521
60708
31502
54666
58314
32911
31612
59927
61438
60589
31638
31582
31557
39853
31741
33959
51468
31546
31592
31590
31630
31607
31558
61074
41894
61369
31535
31557
58217
31741
31500
31508
55411
31514
32004
32219
58616
32628
32544
32255
32268
32475
60306
32187
31764
32896
60893
32359
34467
32165
32237
32274
57566
31976
31975
32655
31724
31741
32634
59593
32930
32210
44194
32335
32196
59870
53592
31640
31633
31664
31766
31596
31801
60716
31596
31607
31560
31518
53577
31556
31606
58693
57768
31515
31522
59339
31521
54611
31510
31547
31524
31509
31578
31503
39494
31564
31560
31514
31563
31551
31586
31506
31507
60533
32318
47051
50115
58912
61691
31561
31554
31551
31701
61250
31633
56269
60676
31517
