75620
75836
102214
76289
96470
75927
75428
103735
75958
101129
76909
75181
96906
78536
78007
102214
76054
76597
76326
93911
75892
76542
75284
75223
76519
96702
79477
79884
75170
98981
96349
75857
100784
75184
90319
77306
76276
75996
75973
101008
74920
76113
76234
76222
75632
101347
77865
80413
75192
75359
105335
77590
76771
76755
77673
76393
98535
88292
76582
76439
75940
104742
93648
80469
105308
78521
77026
100256
79557
80040
77884
78371
76912
77130
76597
78110
76441
100956
100798
75961
75917
94134
77348
77083
76444
75906
102217
77113
104867
102598
76446
76214
74858
74551
93370
77265
78936
79639
78538
104288
78366
76341
105040
102654
78145
75877
78107
76720
75361
78120
76401
77485
78141
74470
100322
75039
74774
74395
74400
103196
74410
74413
74459
74458
