41268
50980
23285
23331
23328
23454
23344
23333
23386
23329
23275
53685
53054
23532
23306
23286
51508
50488
23334
51555
23659
50644
23316
23366
23380
23417
23326
23328
26254
52357
23354
52669
51268
23694
53002
52108
53056
25298
23320
24307
24639
50830
23775
23405
46814
23343
23326
23440
50365
23737
23380
23400
23682
23920
23411
23428
23372
23358
23626
23335
50679
23371
23637
23614
23577
23920
23894
23859
49028
24583
24275
24189
24015
27918
24485
24345
25330
24575
26393
24797
23680
37193
23970
23772
25319
24720
46653
48798
24811
24174
52809
49590
23356
24298
49560
23831
46545
23882
23421
49188
