6701
7613
7047
6877
6716
6793
6728
11676
10098
6594
7155
7166
7639
6766
6807
6795
7071
7236
6898
6835
7107
6844
6949
6773
6711
6505
6595
6606
6670
6720
6662
6771
16242
16172
16412
16227
16226
16225
16283
16203
16196
6519
6537
6504
6539
6508
6555
6475
6564
6525
6522
6514
16253
16171
16243
16852
18367
18519
18123
16971
16814
17385
15991
16554
7084
16802
7115
6697
16814
17142
16550
8816
6625
6768
6684
6681
16246
16740
16650
7021
18805
18862
18584
18353
19176
16493
16970
16451
10401
9586
9189
9012
19782
9105
9173
9016
9111
9112
18345
9043
