31240
31230
60204
31356
58390
31245
31317
31303
60443
60750
32133
31605
31520
32560
31657
32019
61292
32658
37372
32649
32276
31752
50163
32564
31776
60826
31355
31929
60201
35678
41729
48316
31241
31247
56246
31513
31278
31303
31245
31321
31339
31296
31241
31970
31395
31590
32028
31250
31321
31321
31317
58306
60443
31389
31450
58445
60557
31329
57903
59976
31213
31201
60488
31211
31212
31207
60170
31387
31383
31413
31624
31399
31471
31505
31674
40277
60402
31673
31438
54933
31295
47232
63123
31304
31233
31269
31293
31858
31303
45266
57918
59881
51897
32735
33454
57507
32058
59591
33934
31819
