4407
4358
4350
1690
1736
1734
1704
1748
1724
1711
1731
4838
1754
1790
4329
1759
4236
1752
4305
4258
1782
1754
1790
1755
1717
1784
1771
2018
4429
4286
4352
1686
1738
1841
4362
4379
1717
1703
1749
1742
1694
1756
1753
1757
1754
3658
1756
1721
1714
1711
4395
2539
2541
2539
2540
2538
2565
1721
1728
1720
1718
1730
1709
1716
1752
1708
1731
1728
1719
1689
1687
1694
1687
1692
1687
2937
3977
2530
2530
2531
3582
4223
4251
2539
2584
2536
2566
2536
2548
4199
2577
4228
4261
4535
4350
2348
2354
2383
2356
2349
2348
2355
2291
1687
1686
1691
1686
1686
1692
1686
1714
1690
1686
1687
1686
1692
1687
1693
1687
1693
1692
1686
1693
4218
