21147
41496
52614
22899
21354
21153
21164
48614
21700
21153
49478
21160
52058
49742
21709
49962
49269
49907
21623
48944
28201
21155
49377
26563
49705
49817
21415
21162
49720
47123
48061
21321
47682
21435
48385
21736
21174
50688
47806
21237
49702
21358
50660
49879
22094
21442
52267
48775
52684
21142
50595
21227
50250
48938
49549
21663
21913
49212
47872
21217
21862
21207
49301
21172
23248
21222
21229
50645
25016
50847
51724
48116
21364
51653
21206
49599
21441
21426
21147
21140
48859
21148
50719
21612
21365
50463
23350
46999
48962
49807
21139
54114
39961
51211
48639
21376
40488
50730
50933
50081
