72166
70761
43576
72232
73053
73123
73439
43737
43543
72460
71792
73049
43795
48209
43547
43634
44154
71515
70186
43608
43764
43738
43582
43699
43634
43569
43659
43664
43994
49441
43681
43681
43661
43610
43699
43746
43718
43783
43715
43762
44037
43797
73469
43671
72860
68725
43744
72222
72167
43577
43575
43585
43592
43701
43624
73028
44626
43589
43606
70203
43641
69236
43835
72730
43525
73372
43562
72624
72335
73080
69127
43720
71118
43566
43565
43540
43569
43603
43567
43619
43950
74235
74438
43570
43643
43638
43731
43670
43677
43786
43697
43967
72329
43695
43794
73311
71441
72245
43675
43687
