19331
19011
17137
18944
6924
17042
6953
6855
18969
6918
6761
8923
6599
10427
9565
9370
9247
9215
6982
16598
17027
6664
18905
6945
20351
6763
6892
19388
18991
6761
19567
19847
6615
14877
6778
6743
6839
6858
19120
16965
16611
6710
9255
19270
16595
16749
18927
19092
18847
19034
6771
18736
19720
6960
12632
14850
16575
20553
7177
6900
16062
7012
6641
19897
6814
6807
6826
6730
19427
16665
19852
16669
6738
6745
7023
16803
6978
6849
6989
18236
14294
16979
6741
16961
6870
6854
9201
6719
6921
6815
6626
6946
6984
6759
6832
6860
6693
6977
17788
6944
7047
18887
16550
17085
9269
20373
7014
6944
16923
9262
7062
7003
6862
18739
18725
18702
18722
18697
18726
18732
18749
18728
18684
16621
