1044
2611
2608
2608
2618
2623
2622
2674
2969
2670
2618
2623
2619
2669
2623
2623
2707
2608
2628
2626
2691
2624
2630
2633
2968
2906
2705
2712
3033
2753
1044
1044
1046
1053
2980
2662
1052
1099
1062
1077
2977
1081
1081
1095
1082
1081
1085
2744
2969
2980
1093
3034
1045
1065
1061
1053
1044
1044
2977
2975
3008
1058
2974
1087
1044
2971
2697
3002
1086
3008
2633
2967
1092
1090
2974
2979
2972
2975
3096
3002
3086
1044
2961
2984
2990
3041
2972
2961
2971
2993
3011
2680
2646
2641
2635
2628
2627
2626
2832
2641
