20901
20919
20907
20885
20944
21005
20910
20971
20923
20909
20924
48807
21167
21003
21030
21088
21167
21160
50039
20977
21038
21012
20957
21049
20904
21150
53184
49164
48852
20970
20925
20919
48125
21313
21096
21226
21245
21355
49972
24017
49569
48822
21080
21111
21040
21129
48681
45571
20922
49274
26565
51142
47881
20889
21096
20978
21031
50561
20931
42948
49535
20892
20976
20942
20919
20951
52613
49898
20908
21068
20941
20923
48271
49212
20946
20916
20956
21023
20922
20971
20919
21065
20995
20928
20913
20945
20899
50302
20985
20968
51244
48541
20931
49613
47905
21004
20969
20931
20973
20908
