65967
66281
66388
66068
66210
66202
66295
66419
66283
66410
66394
66800
66402
66713
66320
66089
66159
66256
94107
66148
66384
66220
83415
67492
66205
66173
96747
94166
67058
79021
95053
95765
94935
65993
66144
66080
66330
66078
66231
66254
66243
66173
94432
94507
68914
97070
95945
92520
97013
66003
94439
66079
66197
92773
66115
66165
66001
66497
93608
66090
94961
96606
66347
66354
66037
66050
65921
66213
99506
66140
94695
66221
66211
66025
66046
66218
66034
66284
66072
66094
94083
95983
67166
66359
66392
65952
66107
66138
66375
66080
97177
66220
91910
66440
66362
66203
66164
66013
66369
95681
