32524
32447
32355
32375
32387
32594
32388
32397
32411
32436
32481
32401
32475
32382
32363
32354
32387
32450
32459
32378
32380
32596
32429
32624
32330
32410
32365
32551
32544
32499
32496
32621
32595
32612
32367
32387
32411
32427
32855
32711
32624
32609
32337
32341
32352
32380
32367
32358
32339
32371
32356
32358
32359
32347
32360
32435
32449
32438
32372
32463
32445
32621
32543
32657
32384
32412
32452
32603
32430
32363
32735
32546
32460
32460
25082
32136
32410
32377
32365
32366
32388
32370
32392
32386
32355
32356
32481
32625
32453
32666
32364
32508
32373
32494
32361
32457
32422
32468
32392
32537
