62877
62192
62100
61927
62236
62293
62301
62368
62188
62370
62277
62192
62000
62183
61908
61895
91049
91626
92802
90597
62527
62498
62572
62424
62365
62796
62289
88716
91474
88444
62164
62315
62136
62249
62128
62229
62348
62433
88423
62349
62039
88913
88833
62066
61984
62074
88820
91664
91730
90660
91943
88316
62517
62328
91117
89860
62370
62284
62275
62348
62579
62356
62230
62327
62532
62170
91609
90266
62415
62147
62225
62231
62602
62382
62235
92482
90047
89808
89684
62258
62122
62196
62008
62062
62341
62539
88257
62091
91665
91897
62063
62149
88588
90763
62139
90451
90643
92396
88996
62268
