122460
93205
121053
122280
123429
93057
93055
119170
93521
93740
121417
93269
93596
122057
93120
121647
93113
93117
92979
93048
116786
92984
121975
119935
121709
92960
92918
92939
119898
119560
93332
93149
93245
93859
92933
92946
92983
92919
92917
92922
92936
93004
92953
92992
93073
93081
122489
124028
94579
117558
92963
93079
93959
93563
93145
93176
159008
122494
121239
93089
93374
122075
93487
93244
92938
93108
93206
119926
93580
93063
121383
93103
93104
93106
93660
121471
93461
93009
120128
93022
93050
122376
121276
93126
105696
93015
93002
92960
93024
121411
92970
92980
93113
123400
120791
121938
93298
93266
93373
119456
