139677
106892
103017
131379
103363
104431
132861
131710
130554
103189
114980
103090
135026
103358
104933
121264
133274
105308
130469
104513
103898
116689
141556
104592
133715
130674
108736
116554
107618
121843
127173
133796
128060
138609
132726
105353
104223
104016
104764
113861
120538
122429
130576
133640
131673
104620
103080
130706
135927
132881
106472
103135
103030
132390
103387
103602
103370
103527
133324
132968
128568
103409
103206
103429
103354
131371
130955
119170
103509
104197
103397
104702
132494
103386
132236
103132
106922
140164
108086
133006
111822
109991
110137
111942
111196
129385
106200
129450
107951
104974
123646
108404
104505
104185
104203
139622
127967
103778
113683
129719
