28763
29741
56503
49918
29120
28964
29016
29105
29108
29150
29601
30599
28915
56009
29251
29129
29193
29123
46833
40155
29454
55464
28955
28741
58358
28949
59623
29045
28847
28891
29362
51177
28766
28738
28993
29161
29024
29023
28918
28961
29085
29173
28946
32027
28809
54913
29475
57691
29446
28920
28929
28916
29029
28932
29188
28911
29076
28920
28889
28961
29008
28896
31332
29985
28898
28840
28796
56858
28784
29662
28791
28713
28738
28730
29384
59451
28921
28841
28811
28794
28814
28880
28775
28895
28885
28859
28733
28722
51555
28785
28983
29156
29419
55251
28768
28784
28760
28791
28793
28786
28772
55463
29006
29022
28869
28805
28839
28847
28870
28991
56950
28870
29343
58985
29263
56446
57360
28764
28812
28783
28778
29986
29728
28714
