96501
95604
97419
102952
98930
122084
120562
124141
122016
94622
121367
95940
113204
96987
112015
96306
95724
111635
95050
94564
95262
96147
110517
97786
96679
97092
95794
122369
94124
94230
124019
93567
94154
94116
94289
94387
95464
95137
124125
93675
121100
120912
93727
93495
121459
93486
93593
93562
93666
93846
94159
94280
122925
122326
94144
94210
121911
93619
93733
93585
124599
94164
94131
94308
94133
94114
94177
94287
94172
94135
94198
94112
94225
94305
94160
94509
94212
142486
106295
93733
93584
93566
93577
93967
123360
93769
93608
93617
93885
111867
104683
122032
93519
93525
93534
93494
122362
94059
94021
122392
94000
93994
93894
94798
93857
93868
93897
93906
93892
93865
93867
93852
93870
94010
102779
121449
94264
93510
94923
123382
93649
122381
93650
120589
