3621
3538
3418
3341
3318
3367
3326
3334
3420
3326
3182
3229
4428
3389
3340
3404
3296
3384
8011
3242
8062
8054
3304
3319
3261
3342
3227
3217
3286
3254
3209
3261
3216
3245
8045
3212
3264
3232
3195
3197
3223
3183
3262
3262
3209
3222
3243
3265
3228
3302
3208
3222
3179
3215
3244
3280
3245
3214
3260
3211
3233
8029
8003
3240
3194
3225
3304
3194
3191
3262
3276
3212
3269
3299
3367
3301
3348
3384
3391
3352
3294
3278
8003
3290
3181
8112
3264
3330
3343
3183
8026
8000
3317
8001
8290
8154
8384
8160
3319
3189
8229
8170
8150
3189
3282
3338
3328
3332
8154
3315
3259
3293
9020
7978
7969
7976
7970
7986
7967
8002
8004
8854
9004
7951
