58356
54607
54683
83798
54682
54646
54766
54871
54973
83957
54816
54752
54757
54734
55029
54843
54789
83133
54628
54608
54648
54749
54644
54644
54598
54736
54935
54864
81564
55298
54611
54676
54728
82909
54735
54670
54763
81949
81688
54725
54667
54680
55831
54687
77872
54669
54703
54661
54727
54580
54584
83135
84559
84880
84933
54665
82904
54715
54729
81867
54833
54653
83847
54626
54604
54592
54928
54731
85526
85414
83266
54845
54618
81735
54755
81424
54744
84032
54897
54742
54965
81368
55247
54674
54667
54684
54612
83659
54661
54679
54682
54668
54831
54712
54687
54690
54752
84065
81849
81577
