4161
4394
4323
4153
4268
4150
4155
4284
4298
4294
4216
4652
4260
4268
4770
4276
4352
4661
4465
4417
4422
4235
4220
4277
4452
4160
4159
4191
10439
4325
4308
4195
4152
4151
4152
4186
10379
10394
10536
4152
4167
4481
4156
4152
4156
6031
4152
4407
10469
10506
10388
10409
10412
10420
10429
10402
4209
4183
4198
4188
4197
4183
4219
4211
4209
4204
4185
4226
10489
10385
10413
10432
4240
11411
12122
12117
10372
12101
10402
11753
11787
11769
11089
10640
10490
10463
10461
10510
10509
10499
10519
10489
10575
10626
11120
10551
10603
10800
10981
11071
