8434
8250
8214
8323
19936
19943
20012
20010
8046
23093
8315
7984
8012
20333
8282
20477
20196
20467
20120
8535
8462
8068
8159
8347
8196
8175
8356
23187
23101
23344
15255
22999
22822
8591
8333
16905
8155
8274
8130
8426
8223
8570
8474
8469
8226
8054
22878
8274
8404
8231
22806
24430
8176
8003
8101
8121
8236
8112
20801
8046
8081
8226
8149
8128
8280
8278
8329
8337
8355
8625
19885
8420
20273
8352
22974
22953
20343
20123
20218
15117
8561
8591
8232
8376
8630
8307
23609
8203
8490
23491
8482
8121
22944
8345
8250
8252
8353
20289
8287
22653
8157
22603
13464
8522
8386
8688
8313
8375
8441
18932
8051
20375
8352
22820
22614
22652
22670
22607
22634
22602
22569
22668
22638
20134
