5349
5341
5577
5372
5710
5461
13289
5503
5348
5350
13153
8350
5253
5846
13240
13265
13567
13637
13227
13700
13325
13657
13280
15031
14903
5284
16100
5401
5279
13247
13627
13440
5418
5274
13429
5485
5407
5432
10823
5666
5616
13254
6272
15242
5435
5728
5693
13328
13518
13281
13754
13277
13720
13306
14856
5468
5509
14864
15699
10387
6878
5290
5695
5584
5345
5465
13260
13948
9480
6272
13196
13231
13252
5721
5387
5539
5431
5280
5363
5407
5397
15062
5316
5299
5264
13643
13216
5378
5413
5269
5313
5263
5302
5350
5259
5375
5337
5262
5296
14752
16093
5266
5239
5246
5339
5530
5464
5283
15866
13186
13221
14971
5366
14909
14862
14858
14887
5344
14908
14875
14861
14886
14877
13158
