100579
99739
115909
103745
105751
127553
120734
103119
101944
98706
99148
100254
106817
99004
98811
98909
98828
98862
98882
98822
98848
98911
98836
99029
98881
98848
98857
98855
98837
98829
98845
98822
98860
99568
98482
98444
98452
103121
98469
98470
127873
98526
98556
99065
98543
127581
98470
98627
98438
98637
98445
98457
98451
98467
98447
98451
127710
98519
98499
98707
98514
98507
99656
98519
98540
98522
98555
98511
98514
98711
98550
98520
99115
98514
98797
98532
98591
98535
98490
98490
98496
98482
98480
98493
98516
98487
98506
98494
98472
98490
98473
98469
98487
98466
98490
98476
118158
98472
98502
98547
98489
98654
127733
98464
98472
98502
98486
98472
98628
98442
98448
98439
98443
128634
126095
98553
98513
98520
98513
100031
126930
98834
114696
125890
