2421
6825
6190
6098
6828
2505
2513
2496
6840
2504
2414
6876
2524
2426
2434
2443
2414
2408
2407
2414
2417
2429
6188
6193
6210
6838
6848
6849
7413
7426
7128
7397
7428
7149
6834
6859
6990
6855
6860
7036
7433
6823
7123
7399
7395
6502
6182
6908
2426
7358
7435
6886
6040
6836
6833
3424
3358
3362
6032
2428
6158
2522
2443
2420
2408
2417
2418
2540
2407
6034
6042
6081
6034
6036
6036
6060
6185
6146
6050
6025
6095
7055
5960
6841
6991
2419
3362
3363
3394
3362
3361
2419
2482
2423
2414
2408
2408
2414
2457
2434
2407
2408
2408
2419
2415
2444
3651
2412
2412
2408
2407
2459
2449
2408
2407
2407
2414
2413
2408
2408
2413
2414
2414
6035
