43998
43936
44346
68615
44171
43997
43947
43925
45488
43921
44500
44970
44270
44972
74795
56885
44289
73584
73051
73321
44056
43959
43994
44152
43921
56340
70920
44727
44132
44067
44056
44365
69312
44268
44296
44236
44132
44281
44343
44525
44416
44310
44457
44582
44362
44191
44489
44773
74735
44147
44221
44344
72470
44510
44541
44689
44352
44208
44345
44138
44336
44061
44298
44106
44298
44020
44047
44023
44028
43956
43976
44017
44040
72380
44028
44596
44177
44320
44152
44545
44190
44097
45030
73610
44159
44598
44052
44112
51231
43977
73435
44108
56331
73206
43939
43972
44576
44227
44006
44138
72053
44183
44328
44239
44195
44567
44764
66720
45538
44617
44494
43995
73072
43924
43926
43951
43947
43921
44073
44084
44130
44025
44026
43932
