25830
54387
53059
54529
26152
54552
54190
25901
27159
26711
26472
26002
47543
50547
26698
26335
33460
26554
54184
54588
26560
47690
26091
56427
45235
32320
29585
28865
27039
27272
26512
26047
27009
53880
25985
55197
38526
30172
29921
29690
27335
26152
25956
49572
52639
26006
25983
26135
53140
32760
25830
55418
55663
26050
51790
25917
25923
26203
26112
54419
25869
26039
54887
54482
26031
25911
25908
26438
25996
25904
25798
25933
25859
52641
53971
25960
56162
25942
25809
25889
25815
25915
25963
26316
49755
47344
26528
27830
26617
25891
25786
53105
49949
35915
25834
56283
25951
25809
25808
25788
