25971
31023
46153
18659
18693
18698
46321
20349
18677
36096
48884
18673
18667
18661
18686
18649
18688
18658
45615
18656
18659
18673
45481
18670
18754
18931
18667
18696
18646
18658
18647
46324
18639
18655
18657
49493
18630
18631
49837
18722
18706
49388
49209
18661
18685
18720
47892
46137
45850
48558
18698
18742
18650
18747
18650
35340
46429
45968
18651
18666
19067
18806
18652
18681
18721
18652
18644
46546
18660
49215
45066
18716
47020
46246
18812
18819
18669
18688
19089
18686
18670
19028
18642
18656
18704
19041
18666
18734
18755
18653
18731
18658
18674
18653
18671
18761
18655
18684
18646
18646
